I
1100 Generated by WorldEditor 2.2.0r2

1    252 1 0 LFRK Caen Carpiquet
1302 city Caen/Carpiquet
1302 country France
1302 datum_lat 49.173280556
1302 datum_lon -0.449875
1302 faa_code 
1302 iata_code CFR
1302 icao_code LFRK
1302 region_code LF
1302 state Lower Normandy
1302 transition_alt 5000
1302 transition_level 
100 45.11 1 0 0.25 0 3 0 13  49.18097800 -000.46646199  300    0 2 0 0 0 31  49.17108347 -000.44513300    0    0 3 10 0 1
100 30.00 1 0 0.25 0 0 0 05  49.17087439 -000.45457961    0    0 1 0 0 0 23  49.17743151 -000.44176799    0    0 1 0 0 0
100 50.00 3 0 0.40 0 0 0 05L  49.17495378 -000.45219538    0    0 0 0 0 0 23R  49.17855805 -000.44514780    0    0 0 0 0 0
100 50.00 3 0 0.40 0 0 0 13L  49.18021317 -000.45886691    0    0 0 0 0 0 31R  49.17599384 -000.44977269    0    0 0 0 0 0
110 1 0.25 71.0000 Car park
111  49.18357017 -000.45970830
112  49.18355493 -000.45977874  49.18354590 -000.45982047
111  49.18356536 -000.45985680
111  49.18368747 -000.46010405
111  49.18360657 -000.46049161
111  49.18346139 -000.46022581
111  49.18332246 -000.45994344
111  49.18351268 -000.45972825
113  49.18347906 -000.45965606
110 1 0.25 84.9000 ACB asphalt
111  49.17864554 -000.47340077
111  49.17864052 -000.47344206
111  49.17863854 -000.47350463
111  49.17870519 -000.47351647
111  49.17869323 -000.47367289
111  49.17861707 -000.47365724
111  49.17862011 -000.47361890
112  49.17857105 -000.47352536  49.17857708 -000.47344181
111  49.17857809 -000.47342768
111  49.17858426 -000.47335931
114  49.17858426 -000.47335931  49.17861542 -000.47338602
110 2 0.25 84.5000 ACB
111  49.17863680 -000.46579974
111  49.17872447 -000.46581063
111  49.17845071 -000.47015948
111  49.17838846 -000.47110789
111  49.17835423 -000.47162937
111  49.17830521 -000.47237610
111  49.17827948 -000.47278206
112  49.17832953 -000.47294529  49.17836190 -000.47303636
111  49.17832953 -000.47294529
112  49.17832953 -000.47294529  49.17834785 -000.47299684
112  49.17839805 -000.47310843  49.17842522 -000.47316242
111  49.17839805 -000.47310843
112  49.17839805 -000.47310843  49.17835906 -000.47305772
111  49.17833709 -000.47305465
111  49.17832267 -000.47332170
111  49.17835502 -000.47332559
111  49.17833561 -000.47367335
111  49.17802530 -000.47363498
111  49.17804603 -000.47328843
111  49.17807532 -000.47329195
111  49.17809158 -000.47297406
112  49.17797040 -000.47297473  49.17786861 -000.47302900
111  49.17797040 -000.47297473
112  49.17797040 -000.47297473  49.17802080 -000.47292651
112  49.17810007 -000.47282302  49.17813521 -000.47277420
111  49.17810007 -000.47282302
112  49.17810007 -000.47282302  49.17815538 -000.47274617
111  49.17818837 -000.47268379
111  49.17821165 -000.47235897
111  49.17823078 -000.47207127
113  49.17829288 -000.47113731
110 1 0.25 174.8000 ACB
111  49.17950220 -000.47315481
111  49.17950986 -000.47324875
111  49.17928897 -000.47321229
111  49.17927738 -000.47338855
111  49.17902520 -000.47335579
112  49.17920518 -000.47321739  49.17926340 -000.47311570
111  49.17934744 -000.47314696
114  49.17942331 -000.47316789  49.17946186 -000.47317858
110 2 0.25 174.8000 ACB
111  49.17950986 -000.47324875
111  49.17948240 -000.47372195
111  49.17925760 -000.47368931
111  49.17926770 -000.47353576
111  49.17887948 -000.47348148
111  49.17888694 -000.47333783
111  49.17902520 -000.47335579
111  49.17927738 -000.47338855
113  49.17928897 -000.47321229
110 2 0.25 170.2000 ACB
111  49.17878203 -000.47330622
112  49.17878203 -000.47330622  49.17884036 -000.47332790
111  49.17888694 -000.47333783
111  49.17887948 -000.47348148
112  49.17876121 -000.47345090  49.17869941 -000.47343008
113  49.17876121 -000.47345090
110 2 0.25 164.5000 ACB
111  49.17867983 -000.47326343
112  49.17867983 -000.47326343  49.17873002 -000.47329120
111  49.17878203 -000.47330622
111  49.17876121 -000.47345090
112  49.17864554 -000.47340077  49.17858567 -000.47336727
113  49.17864554 -000.47340077
110 2 0.25 155.5000 ACB
111  49.17863233 -000.47322830
112  49.17863233 -000.47322830  49.17865616 -000.47324979
111  49.17867983 -000.47326343
111  49.17864554 -000.47340077
112  49.17858426 -000.47335931  49.17855311 -000.47333261
113  49.17858426 -000.47335931
110 2 0.25 142.8000 ACB
111  49.17856075 -000.47314586
112  49.17856075 -000.47314586  49.17859127 -000.47318963
111  49.17863233 -000.47322830
111  49.17858426 -000.47335931
112  49.17849432 -000.47325429  49.17845533 -000.47320043
113  49.17849432 -000.47325429
110 2 0.25 133.0000 ACB
111  49.17848210 -000.47301642
112  49.17848210 -000.47301642  49.17852025 -000.47309001
111  49.17856075 -000.47314586
111  49.17849432 -000.47325429
112  49.17839805 -000.47310843  49.17835589 -000.47302743
113  49.17839805 -000.47310843
110 2 0.25 124.0000 ACB
111  49.17841295 -000.47287141
112  49.17841295 -000.47287141  49.17844606 -000.47294641
111  49.17848210 -000.47301642
111  49.17839805 -000.47310843
112  49.17839805 -000.47310843  49.17837087 -000.47305444
112  49.17832953 -000.47294529  49.17831122 -000.47289375
113  49.17832953 -000.47294529
110 2 0.25 118.2000 ACB
111  49.17841295 -000.47287141
111  49.17832953 -000.47294529
112  49.17832953 -000.47294529  49.17829717 -000.47285423
111  49.17827948 -000.47278206
111  49.17836297 -000.47273060
114  49.17836297 -000.47273060  49.17838287 -000.47279959
110 2 0.25 105.0000 ACB
111  49.17830521 -000.47237610
112  49.17830521 -000.47237610  49.17831247 -000.47254373
111  49.17836297 -000.47273060
113  49.17827948 -000.47278206
110 2 0.25 157.9000 ACB
111  49.17735533 -000.47324659
112  49.17735533 -000.47324659  49.17729647 -000.47327857
111  49.17724148 -000.47329710
112  49.17724148 -000.47329710  49.17719373 -000.47331346
111  49.17714268 -000.47330459
112  49.17714268 -000.47330459  49.17709620 -000.47329339
111  49.17705868 -000.47327276
111  49.17699465 -000.47351677
111  49.17678869 -000.47339257
111  49.17690356 -000.47294523
111  49.17711017 -000.47307650
111  49.17710389 -000.47310047
113  49.17720928 -000.47317248
110 1 0.25 172.0000 ACB
112  49.17714268 -000.47330459  49.17718916 -000.47331579
111  49.17714268 -000.47330459
111  49.17714165 -000.47347912
111  49.17699597 -000.47351273
113  49.17705868 -000.47327276
110 1 0.25 11.6000 ACB
112  49.17724148 -000.47329710  49.17728923 -000.47328074
111  49.17724148 -000.47329710
111  49.17726737 -000.47343905
111  49.17714165 -000.47347912
113  49.17714268 -000.47330459
110 1 0.25 19.7000 ACB
112  49.17735533 -000.47324659  49.17741419 -000.47321461
111  49.17735533 -000.47324659
111  49.17739136 -000.47337167
112  49.17739136 -000.47337167  49.17733305 -000.47341290
111  49.17726737 -000.47343905
113  49.17724148 -000.47329710
110 2 0.25 53.7000 ACB
112  49.17821165 -000.47235897  49.17822300 -000.47228907
111  49.17821165 -000.47235897
111  49.17818837 -000.47268379
113  49.17811404 -000.47258817
110 2 0.25 45.8000 ACB
111  49.17818837 -000.47268379
112  49.17810007 -000.47282302  49.17804477 -000.47289988
111  49.17810007 -000.47282302
111  49.17803656 -000.47271299
112  49.17811404 -000.47258817  49.17815135 -000.47251706
113  49.17811404 -000.47258817
110 2 0.25 36.1000 ACB
111  49.17810007 -000.47282302
112  49.17810007 -000.47282302  49.17806494 -000.47287185
112  49.17797040 -000.47297473  49.17792000 -000.47302295
111  49.17797040 -000.47297473
111  49.17791828 -000.47284577
112  49.17803656 -000.47271299  49.17808442 -000.47264399
113  49.17803656 -000.47271299
110 2 0.25 24.7000 ACB
111  49.17797040 -000.47297473
111  49.17739136 -000.47337167
111  49.17735533 -000.47324659
111  49.17777505 -000.47295413
113  49.17791828 -000.47284577
110 2 0.25 175.3000 ACB
111  49.17849204 -000.47210370
112  49.17830521 -000.47237610  49.17825848 -000.47258937
111  49.17830521 -000.47237610
111  49.17835423 -000.47162937
112  49.17835423 -000.47162937  49.17840400 -000.47187657
111  49.17852310 -000.47193409
111  49.17875674 -000.47197355
111  49.17876630 -000.47177845
111  49.17898532 -000.47180498
111  49.17896341 -000.47227755
111  49.17874304 -000.47225308
113  49.17874426 -000.47222803
110 2 0.25 171.8000 ACB
111  49.17798235 -000.47149296
112  49.17829288 -000.47113731  49.17838477 -000.47079196
111  49.17829288 -000.47113731
111  49.17823078 -000.47207127
112  49.17823078 -000.47207127  49.17817137 -000.47172591
111  49.17798197 -000.47163986
111  49.17743574 -000.47151833
111  49.17742936 -000.47159511
111  49.17727571 -000.47156912
111  49.17730174 -000.47121529
111  49.17745867 -000.47124249
113  49.17744754 -000.47137635
110 2 0.25 166.9000 ACB
111  49.17919489 -000.47082798
111  49.17917932 -000.47096142
111  49.17889727 -000.47086894
111  49.17888005 -000.47098489
111  49.17859596 -000.47088795
111  49.17861518 -000.47076868
112  49.17838846 -000.47110789  49.17830177 -000.47137836
111  49.17838846 -000.47110789
111  49.17845071 -000.47015948
112  49.17845071 -000.47015948  49.17850775 -000.47056431
111  49.17872975 -000.47065286
113  49.17907518 -000.47077478
110 1 0.25 45.6000 Taxiway B1
111  49.17894819 -000.46351519
112  49.17894819 -000.46351519  49.17892937 -000.46353738 102
111  49.17891220 -000.46356853
111  49.17884314 -000.46348668 102
112  49.17889433 -000.46340855  49.17892258 -000.46337296
113  49.17889433 -000.46340855
110 1 0.25 54.7000 Taxiway B1
111  49.17891220 -000.46356853
112  49.17891220 -000.46356853  49.17889491 -000.46360124 102
111  49.17888203 -000.46363896
111  49.17880013 -000.46357798 102
112  49.17884314 -000.46348668  49.17886795 -000.46344876
113  49.17884314 -000.46348668
110 1 0.25 71.3000 Taxiway B1
111  49.17888203 -000.46363896
112  49.17888203 -000.46363896  49.17886962 -000.46367713 102
111  49.17886293 -000.46372136
111  49.17877651 -000.46368386 102
112  49.17880013 -000.46357798  49.17881441 -000.46353097
113  49.17880013 -000.46357798
110 1 0.25 79.3000 Taxiway B1
111  49.17886293 -000.46372136
112  49.17886293 -000.46372136  49.17885548 -000.46376245 102
111  49.17885342 -000.46380144
111  49.17876357 -000.46378882 102
112  49.17877651 -000.46368386  49.17878609 -000.46363317
113  49.17877651 -000.46368386
110 1 0.25 84.5000 Taxiway B1
111  49.17872447 -000.46581063
111  49.17863680 -000.46579974
111  49.17872982 -000.46432359
111  49.17876357 -000.46378882
111  49.17885342 -000.46380144
113  49.17881903 -000.46433756
110 1 0.25 36.8000 Taxiway B1
111  49.17919309 -000.46332431 102
112  49.17910082 -000.46334500  49.17906854 -000.46338106 102
111  49.17894819 -000.46351519
111  49.17889433 -000.46340855 102
112  49.17904800 -000.46323163  49.17908533 -000.46318864 102
113  49.17909579 -000.46311449
110 3 0.40 35.3600 Taciway C1
111  49.17742956 -000.45637659
111  49.17729055 -000.45646667
111  49.17693949 -000.45683352
111  49.17685595 -000.45665390
111  49.17677571 -000.45648139
111  49.17689446 -000.45635773
113  49.17722588 -000.45593802
110 3 0.40 35.3600 Taxiway G4
111  49.17904002 -000.45508519
112  49.17904002 -000.45508519  49.17878816 -000.45487580
111  49.17878916 -000.45546155
111  49.17850992 -000.45489618
112  49.17885321 -000.45468263  49.17887237 -000.45428896
113  49.17885321 -000.45468263
110 3 0.40 35.3600 Taxiway G4
111  49.18008716 -000.45382948
111  49.18001147 -000.45384903
111  49.17923184 -000.45467256
112  49.17915407 -000.45477870  49.17913097 -000.45482313
111  49.17912944 -000.45493975
111  49.17895223 -000.45455939
112  49.17906252 -000.45458367  49.17909816 -000.45456651
111  49.17915719 -000.45450912
111  49.17992231 -000.45368242
113  49.17997424 -000.45359258
110 3 0.40 125.3600 Taxiway G2 G3
111  49.18016561 -000.46185635
111  49.18003851 -000.46199415
111  49.17742956 -000.45637659
111  49.17722588 -000.45593802
111  49.17391412 -000.44880718
113  49.17401336 -000.44861002
110 3 0.40 35.3600 Taxiway G1
111  49.18035650 -000.45792205
111  49.18064397 -000.45854152
112  49.18048041 -000.45848223  49.18041227 -000.45850672
111  49.18025586 -000.45870384
111  49.18001004 -000.45817074
111  49.18019084 -000.45826322
114  49.18029769 -000.45816986  49.18034997 -000.45805353
110 3 0.40 125.3600 Taxiway G1
111  49.18161810 -000.46028150
111  49.18150722 -000.46040173
111  49.18064397 -000.45854152
111  49.18035650 -000.45792205
111  49.17904002 -000.45508519
111  49.17885321 -000.45468263
111  49.17652671 -000.44966926
111  49.17641192 -000.44963453
111  49.17660030 -000.44926814
111  49.17660227 -000.44951538
111  49.17895223 -000.45455939
111  49.17912944 -000.45493975
111  49.18068583 -000.45828043
111  49.18090104 -000.45823921
111  49.18123351 -000.45822397
111  49.18181168 -000.45948098
111  49.18147688 -000.45982400
113  49.18146828 -000.45995992
110 1 0.25 36.4000 Hangar accesss
111  49.17959042 -000.45203950
111  49.17957928 -000.45205148
112  49.17952092 -000.45202846  49.17949762 -000.45205267
112  49.17945853 -000.45209326  49.17943966 -000.45211288
111  49.17944366 -000.45217700
111  49.17937459 -000.45202923
112  49.17943048 -000.45203765  49.17945309 -000.45201193
111  49.17949571 -000.45196347
112  49.17949571 -000.45196347  49.17951358 -000.45191696
111  49.17950077 -000.45187514
113  49.17952122 -000.45185242
110 2 0.25 119.5000 Hangar
111  49.17986757 -000.45140495
111  49.18012708 -000.45211749
111  49.18003580 -000.45221901
111  49.17983810 -000.45243886
111  49.17978589 -000.45233169
111  49.17960969 -000.45253225
111  49.17958486 -000.45247912
111  49.17967470 -000.45238716
111  49.17969837 -000.45233130
111  49.17959042 -000.45203950
111  49.17952122 -000.45185242
111  49.17947403 -000.45172486
113  49.17976633 -000.45147298
110 2 0.25 125.4000 Apron bit
111  49.18066598 -000.45419799
111  49.18046976 -000.45437313
111  49.18040013 -000.45422433
111  49.18036587 -000.45413211
111  49.18035532 -000.45412194
111  49.18034664 -000.45410370
111  49.18034540 -000.45408403
111  49.18030105 -000.45395762
111  49.18010504 -000.45342719
111  49.18024700 -000.45330046
111  49.18029929 -000.45341233
111  49.18032872 -000.45338178
111  49.18036754 -000.45345800
111  49.18053101 -000.45328095
111  49.18058383 -000.45339294
111  49.18053193 -000.45344537
111  49.18061073 -000.45361395
111  49.18046676 -000.45377326
111  49.18052899 -000.45390347
111  49.18055824 -000.45387150
111  49.18053093 -000.45381810
111  49.18055809 -000.45378884
111  49.18063024 -000.45383649
111  49.18069411 -000.45377326
111  49.18080312 -000.45400984
113  49.18065189 -000.45416879
110 2 0.25 125.4000 Hangar
111  49.18176983 -000.45514635
111  49.18151981 -000.45541901
111  49.18153611 -000.45545118
111  49.18150936 -000.45548070
111  49.18128698 -000.45500515
113  49.18156355 -000.45470504
110 2 0.25 125.4000 Fueling area
111  49.18125249 -000.45778717
111  49.18115865 -000.45789067
111  49.18116334 -000.45790056
111  49.18099831 -000.45807817
111  49.18090991 -000.45788869
111  49.18107275 -000.45770859 102
111  49.18101768 -000.45759350
111  49.18104858 -000.45756295
111  49.18111324 -000.45770067
111  49.18114265 -000.45766963
113  49.18117938 -000.45763086
110 2 0.25 125.4000 Apron bit
111  49.18002674 -000.45296623
111  49.17999122 -000.45299994
111  49.17995157 -000.45291175
113  49.17998416 -000.45287546
110 1 0.25 125.4000 Hangar
111  49.18033758 -000.45264282
111  49.18002674 -000.45296623
111  49.17998416 -000.45287546
111  49.17995157 -000.45291175
111  49.17988227 -000.45298890
111  49.17986378 -000.45308471
111  49.17960969 -000.45253225
111  49.17978589 -000.45233169
111  49.17983810 -000.45243886
111  49.17985514 -000.45247734
111  49.18005331 -000.45225825
111  49.18003580 -000.45221901
113  49.18012708 -000.45211749
110 2 0.25 30.0000 Apron bit
111  49.18152364 -000.45588561
111  49.18133284 -000.45606658
111  49.18127789 -000.45594403
111  49.18134194 -000.45586473
111  49.18141930 -000.45579915
111  49.18142960 -000.45581612
113  49.18147381 -000.45576783
110 1 0.25 125.4000 Main apron
111  49.18351268 -000.45972825
111  49.18332246 -000.45994344
111  49.18346139 -000.46022581 102
111  49.18338788 -000.46030353 102
111  49.18297172 -000.46074354 102
112  49.18278757 -000.46093823  49.18274631 -000.46098200 102
111  49.18272365 -000.46110432 102
111  49.18267161 -000.46110112 102
111  49.18267337 -000.46099155 102
111  49.18264565 -000.46090672 102
111  49.18262650 -000.46090066 102
112  49.18261858 -000.46066030  49.18261557 -000.46057155 102
111  49.18259350 -000.46049872 102
111  49.18246071 -000.46020943
111  49.18214710 -000.45955081 102
111  49.18144674 -000.45803969 102
111  49.18139695 -000.45793226 102
112  49.18136884 -000.45793659  49.18135441 -000.45795022 102
111  49.18132935 -000.45797396 102
112  49.18125301 -000.45798643  49.18120855 -000.45797731 102
111  49.18118277 -000.45794152 102
111  49.18116334 -000.45790056
111  49.18115865 -000.45789067
111  49.18125249 -000.45778717
111  49.18117938 -000.45763086
111  49.18114265 -000.45766963
111  49.18111324 -000.45770067
111  49.18104858 -000.45756295
111  49.18101768 -000.45759350 102
111  49.18096993 -000.45749284 102
112  49.18093984 -000.45734133  49.18094204 -000.45725717 102
111  49.18097983 -000.45720039 102
111  49.18103225 -000.45714539 102
111  49.18139278 -000.45676571
112  49.18139876 -000.45663477  49.18137128 -000.45657400
111  49.18124530 -000.45629532
111  49.18009428 -000.45382339
111  49.18008716 -000.45382948 20
111  49.17997424 -000.45359258
111  49.17998245 -000.45358366
111  49.17910074 -000.45169352
111  49.17918788 -000.45160870
111  49.17924095 -000.45165596
111  49.17928056 -000.45163536
111  49.17923937 -000.45154326
111  49.17928810 -000.45148910
111  49.17931486 -000.45147035
111  49.17933144 -000.45144256
111  49.17936578 -000.45140499
111  49.17953458 -000.45125102
111  49.17963214 -000.45147116
111  49.17946694 -000.45164447
111  49.17933839 -000.45176180
112  49.17933839 -000.45176180  49.17930178 -000.45183047
111  49.17932227 -000.45191727
111  49.17937459 -000.45202923
111  49.17944366 -000.45217700
111  49.17958486 -000.45247912
111  49.17960969 -000.45253225
111  49.17986378 -000.45308471
111  49.18028283 -000.45396813
111  49.18030105 -000.45395762
111  49.18034540 -000.45408403
111  49.18034664 -000.45410370
111  49.18035532 -000.45412194
111  49.18036587 -000.45413211
111  49.18040013 -000.45422433
111  49.18046976 -000.45437313
111  49.18066598 -000.45419799
111  49.18069249 -000.45421271
111  49.18079277 -000.45442699
111  49.18083671 -000.45441920
111  49.18089934 -000.45453638
111  49.18104105 -000.45438274
111  49.18125320 -000.45483756
111  49.18107389 -000.45503104
111  49.18113823 -000.45516383
111  49.18128698 -000.45500515
111  49.18150936 -000.45548070
111  49.18159991 -000.45567433
111  49.18152895 -000.45574188
111  49.18152057 -000.45571675
111  49.18147381 -000.45576783
111  49.18142960 -000.45581612
111  49.18141930 -000.45579915
111  49.18134194 -000.45586473
111  49.18127789 -000.45594403
111  49.18133284 -000.45606658
111  49.18148472 -000.45640530
112  49.18151941 -000.45641286  49.18153982 -000.45639084
111  49.18155793 -000.45637133
111  49.18163484 -000.45628842
111  49.18201487 -000.45711132
111  49.18206139 -000.45720858
111  49.18216984 -000.45743533
111  49.18222955 -000.45736771
111  49.18233530 -000.45759258
111  49.18236513 -000.45756071
111  49.18238699 -000.45760375
111  49.18240701 -000.45758365
111  49.18246315 -000.45769725
111  49.18236839 -000.45779667
111  49.18281081 -000.45874360
111  49.18285237 -000.45869969
111  49.18287771 -000.45875725
111  49.18289665 -000.45873773
111  49.18292693 -000.45880651
111  49.18295014 -000.45878569
111  49.18299207 -000.45888056
111  49.18304152 -000.45883178
111  49.18314237 -000.45873231
112  49.18338930 -000.45915501  49.18350618 -000.45941420
111  49.18353671 -000.45959456
113  49.18347906 -000.45965606
111  49.18105535 -000.45719523
111  49.18100241 -000.45725805
112  49.18099758 -000.45742762  49.18103533 -000.45751241
111  49.18099758 -000.45742762
112  49.18099758 -000.45742762  49.18100008 -000.45736122
111  49.18103010 -000.45731844
113  49.18108176 -000.45725221
110 1 0.25 35.3000 Taxiway A1
112  49.18203236 -000.45983235  49.18210457 -000.45975397 102
111  49.18209518 -000.45955608 102
111  49.18214710 -000.45955081
111  49.18246071 -000.46020943 102
111  49.18241686 -000.46025876 102
112  49.18216966 -000.46019492  49.18205322 -000.46032116 102
112  49.17980694 -000.46275599  49.17975688 -000.46280985 102
111  49.17974737 -000.46291651
111  49.17950552 -000.46239512 102
112  49.17966219 -000.46239039  49.17974251 -000.46231128 102
111  49.18003851 -000.46199415
111  49.18016561 -000.46185635 102
111  49.18150722 -000.46040173
113  49.18161810 -000.46028150 102
110 1 0.25 125.3600 13/31 shoulder
111  49.18077075 -000.46530767
111  49.18087966 -000.46543086
111  49.18113371 -000.46561491
111  49.18115006 -000.46556700
111  49.18117652 -000.46558772
111  49.18116205 -000.46563544
111  49.18126044 -000.46570672
111  49.18133837 -000.46571934
111  49.18131630 -000.46622915
111  49.18118148 -000.46622940
111  49.18075791 -000.46670567
111  49.18047083 -000.46608641
111  49.18039539 -000.46599587
111  49.18033675 -000.46588250
111  49.18032804 -000.46585109
111  49.18033210 -000.46578046
111  49.17919309 -000.46332431
111  49.17909579 -000.46311449
111  49.17086584 -000.44536754
111  49.17139805 -000.44479667
111  49.17143456 -000.44487664
112  49.17161390 -000.44499132  49.17167727 -000.44510441
111  49.17168818 -000.44524414
111  49.17170782 -000.44524869
111  49.17170912 -000.44528239
111  49.17169116 -000.44528806
111  49.17170534 -000.44549715
112  49.17174429 -000.44566375  49.17177896 -000.44573837
111  49.17677571 -000.45648139
111  49.17685595 -000.45665390
111  49.17693949 -000.45683352
111  49.17950552 -000.46239512
111  49.17974737 -000.46291651
114  49.17977840 -000.46316291  49.17982371 -000.46326060
110 2 0.25 125.4000 Apron cincrete bit
111  49.18207800 -000.45710365
111  49.18209888 -000.45716199
111  49.18206139 -000.45720858
113  49.18201487 -000.45711132
130 Airport Boundary 105
111  49.17966083 -000.44735199
111  49.18432833 -000.45847417
111  49.18242440 -000.46687446
111  49.18012073 -000.47401841
111  49.17634915 -000.47410916
111  49.17529170 -000.46514658
111  49.16982947 -000.45437315
111  49.16864845 -000.44027898
111  49.17858169 -000.43744078
113  49.18026886 -000.43992421
120 Carpark line
111  49.18359299 -000.46044517 20
115  49.18360589 -000.46037277
120 Carpark line
111  49.18357676 -000.46041241 20
115  49.18358967 -000.46034000
120 Carpark line
111  49.18356056 -000.46037969 20
115  49.18357346 -000.46030729
120 Carpark line
111  49.18354434 -000.46034695 20
115  49.18355724 -000.46027455
120 Carpark line
111  49.18352815 -000.46031425 20
115  49.18354105 -000.46024182
120 Carpark line
111  49.18356905 -000.45988088 20
115  49.18355604 -000.45995324
120 Carpark line
111  49.18358521 -000.45991366 20
115  49.18357221 -000.45998603
120 Carpark line
111  49.18360137 -000.45994644 20
115  49.18358835 -000.46001882
120 Carpark line
111  49.18361752 -000.45997923 20
115  49.18360451 -000.46005159
120 Carpark line
111  49.18363368 -000.46001201 20
115  49.18362066 -000.46008437
120 Carpark line
111  49.18364984 -000.46004479 20
115  49.18363683 -000.46011717
120 Carpark line
111  49.18366599 -000.46007757 20
115  49.18365297 -000.46014992
120 Carpark
111  49.18353988 -000.45992047 20
111  49.18355289 -000.45984810 20
111  49.18355289 -000.45984810 20
111  49.18356905 -000.45988088 20
111  49.18358521 -000.45991366 20
111  49.18360137 -000.45994644 20
111  49.18361752 -000.45997923 20
111  49.18363368 -000.46001201 20
111  49.18364984 -000.46004479 20
111  49.18366599 -000.46007757 20
111  49.18368215 -000.46011035 20
115  49.18366914 -000.46018270
120 Carpark line
111  49.18351191 -000.46028146 20
115  49.18352481 -000.46020903
120 Carpark line
111  49.18349568 -000.46024868 20
115  49.18350858 -000.46017626
120 Carpark line
111  49.18347947 -000.46021596 20
115  49.18349238 -000.46014355
120 Carpark line
111  49.18346327 -000.46018323 20
115  49.18347616 -000.46011082
120 Carpark line
111  49.18344706 -000.46015051 20
115  49.18345996 -000.46007809
120 Carpark line
111  49.18343085 -000.46011778 20
115  49.18344376 -000.46004538
120 Carpark line
111  49.18341465 -000.46008506 20
115  49.18342755 -000.46001264
120 Carpark line
111  49.18339844 -000.46005233 20
115  49.18341134 -000.45997991
120 Carpark line
111  49.18338223 -000.46001961 20
115  49.18339515 -000.45994721
120 Carpark
111  49.18362213 -000.46040557 20
111  49.18360923 -000.46047797 20
111  49.18359299 -000.46044517 20
111  49.18357676 -000.46041241 20
111  49.18356056 -000.46037969 20
111  49.18354434 -000.46034695 20
111  49.18352815 -000.46031425 20
111  49.18351191 -000.46028146 20
111  49.18349568 -000.46024868 20
111  49.18347947 -000.46021596 20
111  49.18346327 -000.46018323 20
111  49.18344706 -000.46015051 20
111  49.18343085 -000.46011778 20
111  49.18341465 -000.46008506 20
111  49.18339844 -000.46005233 20
111  49.18338223 -000.46001961 20
111  49.18336603 -000.45998688 20
115  49.18337893 -000.45991449
120 Carpark line
111  49.18359210 -000.46023346 20
115  49.18360499 -000.46016103
120 Carpark line
111  49.18357586 -000.46020068 20
115  49.18358877 -000.46012826
120 Carpark line
111  49.18355966 -000.46016795 20
115  49.18357256 -000.46009555
120 Carpark line
111  49.18354345 -000.46013523 20
115  49.18355634 -000.46006281
120 Carpark line
111  49.18352725 -000.46010250 20
115  49.18354015 -000.46003008
120 Carpark line
111  49.18351104 -000.46006978 20
115  49.18352394 -000.45999737
120 Carpark line
111  49.18349483 -000.46003705 20
115  49.18350774 -000.45996464
120 Carpark line
111  49.18347863 -000.46000433 20
115  49.18349153 -000.45993191
120 Carpark line
111  49.18346242 -000.45997160 20
115  49.18347534 -000.45989921
120 Carpark
111  49.18362123 -000.46019383 20
111  49.18360833 -000.46026623 20
111  49.18359210 -000.46023346 20
111  49.18357586 -000.46020068 20
111  49.18355966 -000.46016795 20
111  49.18354345 -000.46013523 20
111  49.18352725 -000.46010250 20
111  49.18351104 -000.46006978 20
111  49.18349483 -000.46003705 20
111  49.18347863 -000.46000433 20
111  49.18346242 -000.45997160 20
111  49.18344621 -000.45993888 20
115  49.18345911 -000.45986649
120 C
111  49.18217789 -000.45786355 1
111  49.18217961 -000.45786718 1
111  49.18217524 -000.45787199 1
111  49.18216847 -000.45785768 1
111  49.18217284 -000.45785288 1
111  49.18217457 -000.45785653 1
111  49.18217359 -000.45785760 1
111  49.18217281 -000.45785595 1
111  49.18217040 -000.45785861 1
111  49.18217527 -000.45786891 1
111  49.18217768 -000.45786625 1
113  49.18217691 -000.45786463 1
120 5
111  49.18216505 -000.45786143 1
111  49.18216973 -000.45787138 1
111  49.18216636 -000.45787508 1
111  49.18216738 -000.45787725 1
111  49.18217075 -000.45787355 1
111  49.18217178 -000.45787573 1
111  49.18216741 -000.45788052 1
111  49.18216429 -000.45787390 1
111  49.18216772 -000.45787014 1
111  49.18216519 -000.45786477 1
111  49.18216177 -000.45786853 1
113  49.18216067 -000.45786621 1
120 B
111  49.18207200 -000.45798500 1
111  49.18206526 -000.45797070 1
112  49.18206794 -000.45796774  49.18206960 -000.45796591 1
111  49.18207073 -000.45796834 1
112  49.18207220 -000.45797148  49.18207272 -000.45797258 1
111  49.18207161 -000.45797443 1
112  49.18207371 -000.45797468  49.18207425 -000.45797584 1
112  49.18207537 -000.45797822  49.18207632 -000.45798023 1
111  49.18207459 -000.45798215 1
111  49.18207200 -000.45798500
111  49.18206999 -000.45797788 1
112  49.18207161 -000.45797609  49.18207254 -000.45797507 1
111  49.18207302 -000.45797610 1
111  49.18207379 -000.45797774 1
112  49.18207347 -000.45798011  49.18207251 -000.45798116 1
111  49.18207187 -000.45798189 1
111  49.18206999 -000.45797788
111  49.18206897 -000.45797571 1
111  49.18206717 -000.45797187 1
112  49.18206891 -000.45796996  49.18206972 -000.45796906 1
111  49.18207016 -000.45797001 1
111  49.18207108 -000.45797197 1
112  49.18207050 -000.45797403  49.18206948 -000.45797515 1
115  49.18206897 -000.45797571
120 5
111  49.18206178 -000.45797447 1
111  49.18206647 -000.45798443 1
111  49.18206309 -000.45798813 1
111  49.18206411 -000.45799030 1
111  49.18206749 -000.45798660 1
111  49.18206851 -000.45798877 1
111  49.18206414 -000.45799357 1
111  49.18206102 -000.45798694 1
111  49.18206445 -000.45798319 1
111  49.18206192 -000.45797782 1
111  49.18205850 -000.45798157 1
113  49.18205741 -000.45797926 1
120 A
111  49.18196999 -000.45809086 1
111  49.18196373 -000.45808193 1
111  49.18196416 -000.45808134 1
111  49.18196560 -000.45808339 1
111  49.18196852 -000.45808032 1
111  49.18196770 -000.45807762 1
111  49.18196819 -000.45807719 1
111  49.18197313 -000.45809329 1
111  49.18197231 -000.45809416 1
111  49.18196999 -000.45809086 1
111  49.18197048 -000.45809035 1
111  49.18196689 -000.45808524 1
111  49.18196927 -000.45808275 1
111  49.18197133 -000.45808946 1
113  49.18197048 -000.45809035 1
120 5
111  49.18196022 -000.45808569 1
111  49.18196490 -000.45809565 1
111  49.18196153 -000.45809935 1
111  49.18196255 -000.45810151 1
111  49.18196592 -000.45809782 1
111  49.18196695 -000.45809999 1
111  49.18196258 -000.45810478 1
111  49.18195946 -000.45809816 1
111  49.18196289 -000.45809440 1
111  49.18196036 -000.45808903 1
111  49.18195694 -000.45809279 1
113  49.18195584 -000.45809047 1
120 B
111  49.18183219 -000.45698797 1
111  49.18182544 -000.45697367 1
112  49.18182813 -000.45697071  49.18182979 -000.45696888 1
111  49.18183092 -000.45697131 1
112  49.18183239 -000.45697445  49.18183291 -000.45697556 1
111  49.18183180 -000.45697740 1
112  49.18183389 -000.45697765  49.18183444 -000.45697881 1
112  49.18183556 -000.45698119  49.18183650 -000.45698320 1
111  49.18183478 -000.45698512 1
111  49.18183219 -000.45698797
111  49.18183017 -000.45698085 1
112  49.18183180 -000.45697906  49.18183272 -000.45697805 1
111  49.18183320 -000.45697907 1
111  49.18183398 -000.45698072 1
112  49.18183365 -000.45698308  49.18183270 -000.45698414 1
111  49.18183205 -000.45698486 1
111  49.18183017 -000.45698085
111  49.18182915 -000.45697868 1
111  49.18182735 -000.45697485 1
112  49.18182909 -000.45697293  49.18182991 -000.45697203 1
111  49.18183034 -000.45697298 1
111  49.18183126 -000.45697494 1
112  49.18183069 -000.45697700  49.18182967 -000.45697812 1
115  49.18182915 -000.45697868
120 8
111  49.18182195 -000.45697744 1
111  49.18182534 -000.45698463 1
111  49.18182437 -000.45698714
111  49.18182415 -000.45698553 1
111  49.18182188 -000.45698803 1
111  49.18181970 -000.45698341 1
111  49.18182197 -000.45698090 1
111  49.18182415 -000.45698553
111  49.18182437 -000.45698714
111  49.18182530 -000.45698792 1
111  49.18182302 -000.45699043 1
111  49.18182431 -000.45699317 1
111  49.18182659 -000.45699067 1
111  49.18182530 -000.45698792
111  49.18182437 -000.45698714 1
111  49.18182625 -000.45698657 1
111  49.18182870 -000.45699172 1
111  49.18182432 -000.45699652 1
111  49.18182184 -000.45699126 1
111  49.18182279 -000.45698883 1
111  49.18182096 -000.45698939 1
113  49.18181758 -000.45698223 1
120 A
111  49.18164433 -000.45718791 1
111  49.18163807 -000.45717898 1
111  49.18163850 -000.45717839 1
111  49.18163993 -000.45718044 1
111  49.18164286 -000.45717737 1
111  49.18164204 -000.45717467 1
111  49.18164253 -000.45717424 1
111  49.18164747 -000.45719034 1
111  49.18164665 -000.45719121 1
111  49.18164433 -000.45718791 1
111  49.18164481 -000.45718740 1
111  49.18164123 -000.45718229 1
111  49.18164361 -000.45717980 1
111  49.18164567 -000.45718651 1
113  49.18164481 -000.45718740 1
120 8
111  49.18163454 -000.45718273 1
111  49.18163793 -000.45718992 1
111  49.18163696 -000.45719244
111  49.18163674 -000.45719082 1
111  49.18163447 -000.45719332 1
111  49.18163229 -000.45718870 1
111  49.18163456 -000.45718620 1
111  49.18163674 -000.45719082
111  49.18163696 -000.45719244
111  49.18163789 -000.45719321 1
111  49.18163561 -000.45719573 1
111  49.18163690 -000.45719847 1
111  49.18163918 -000.45719596 1
111  49.18163789 -000.45719321
111  49.18163696 -000.45719244 1
111  49.18163884 -000.45719186 1
111  49.18164129 -000.45719702 1
111  49.18163691 -000.45720181 1
111  49.18163443 -000.45719656 1
111  49.18163538 -000.45719412 1
111  49.18163355 -000.45719468 1
113  49.18163017 -000.45718753 1
120 C
111  49.18197913 -000.45747260 1
111  49.18197741 -000.45746899 1
111  49.18198177 -000.45746416 1
111  49.18198856 -000.45747843 1
111  49.18198420 -000.45748325 1
111  49.18198247 -000.45747961 1
111  49.18198344 -000.45747853 1
111  49.18198423 -000.45748019 1
111  49.18198664 -000.45747752 1
111  49.18198174 -000.45746723 1
111  49.18197934 -000.45746990 1
113  49.18198011 -000.45747153 1
120 6
111  49.18199085 -000.45745836 1
111  49.18199635 -000.45746987 1
111  49.18199200 -000.45747470
111  49.18199198 -000.45747134 1
111  49.18198991 -000.45746702 1
111  49.18199219 -000.45746450 1
111  49.18199425 -000.45746883 1
111  49.18199198 -000.45747134
111  49.18199200 -000.45747470 1
111  49.18198788 -000.45746608 1
111  49.18199119 -000.45746242 1
111  49.18198999 -000.45745992 1
111  49.18198659 -000.45746007 1
111  49.18198623 -000.45745932 1
113  49.18198695 -000.45745852 1
120 B
111  49.18187828 -000.45757752 1
111  49.18188505 -000.45759180 1
112  49.18188237 -000.45759477  49.18188071 -000.45759660 1
111  49.18187958 -000.45759417 1
112  49.18187810 -000.45759104  49.18187758 -000.45758994 1
111  49.18187868 -000.45758809 1
112  49.18187659 -000.45758785  49.18187604 -000.45758669 1
112  49.18187492 -000.45758431  49.18187397 -000.45758230 1
111  49.18187569 -000.45758038 1
111  49.18187828 -000.45757752
111  49.18188030 -000.45758463 1
112  49.18187868 -000.45758643  49.18187776 -000.45758745 1
111  49.18187728 -000.45758642 1
111  49.18187650 -000.45758478 1
112  49.18187682 -000.45758241  49.18187777 -000.45758136 1
111  49.18187842 -000.45758063 1
111  49.18188030 -000.45758463
111  49.18188133 -000.45758680 1
111  49.18188313 -000.45759063 1
112  49.18188140 -000.45759255  49.18188058 -000.45759345 1
111  49.18188015 -000.45759250 1
111  49.18187922 -000.45759055 1
112  49.18187980 -000.45758848  49.18188081 -000.45758736 1
115  49.18188133 -000.45758680
120 6
111  49.18188739 -000.45757168 1
111  49.18189289 -000.45758320 1
111  49.18188853 -000.45758802
111  49.18188851 -000.45758467 1
111  49.18188644 -000.45758035 1
111  49.18188872 -000.45757783 1
111  49.18189079 -000.45758216 1
111  49.18188851 -000.45758467
111  49.18188853 -000.45758802 1
111  49.18188442 -000.45757940 1
111  49.18188772 -000.45757574 1
111  49.18188653 -000.45757324 1
111  49.18188313 -000.45757339 1
111  49.18188277 -000.45757265 1
113  49.18188349 -000.45757185 1
120 A
111  49.18177621 -000.45769509 1
111  49.18178250 -000.45770400 1
111  49.18178207 -000.45770458 1
111  49.18178063 -000.45770254 1
111  49.18177770 -000.45770562 1
111  49.18177853 -000.45770832 1
111  49.18177804 -000.45770875 1
111  49.18177307 -000.45769267 1
111  49.18177389 -000.45769180 1
111  49.18177621 -000.45769509 1
111  49.18177573 -000.45769560 1
111  49.18177932 -000.45770070 1
111  49.18177695 -000.45770319 1
111  49.18177488 -000.45769650 1
113  49.18177573 -000.45769560 1
120 6
111  49.18178487 -000.45768390 1
111  49.18179037 -000.45769542 1
111  49.18178602 -000.45770024
111  49.18178600 -000.45769688 1
111  49.18178393 -000.45769256 1
111  49.18178621 -000.45769004 1
111  49.18178827 -000.45769437 1
111  49.18178600 -000.45769688
111  49.18178602 -000.45770024 1
111  49.18178190 -000.45769162 1
111  49.18178521 -000.45768796 1
111  49.18178401 -000.45768546 1
111  49.18178061 -000.45768561 1
111  49.18178025 -000.45768486 1
113  49.18178097 -000.45768406 1
120 A
111  49.18230152 -000.45861322 1
111  49.18230780 -000.45862213 1
111  49.18230738 -000.45862271 1
111  49.18230594 -000.45862067 1
111  49.18230301 -000.45862375 1
111  49.18230384 -000.45862645 1
111  49.18230335 -000.45862688 1
111  49.18229838 -000.45861080 1
111  49.18229920 -000.45860993 1
111  49.18230152 -000.45861322 1
111  49.18230104 -000.45861373 1
111  49.18230463 -000.45861883 1
111  49.18230226 -000.45862132 1
111  49.18230019 -000.45861463 1
113  49.18230104 -000.45861373 1
120 B
111  49.18247714 -000.45838029 1
111  49.18248390 -000.45839457 1
112  49.18248122 -000.45839754  49.18247957 -000.45839937 1
111  49.18247843 -000.45839694 1
112  49.18247696 -000.45839381  49.18247643 -000.45839271 1
111  49.18247754 -000.45839086 1
112  49.18247545 -000.45839062  49.18247490 -000.45838946 1
112  49.18247378 -000.45838708  49.18247283 -000.45838507 1
111  49.18247455 -000.45838315 1
111  49.18247714 -000.45838029
111  49.18247916 -000.45838740 1
112  49.18247754 -000.45838920  49.18247662 -000.45839022 1
111  49.18247613 -000.45838919 1
111  49.18247536 -000.45838755 1
112  49.18247568 -000.45838518  49.18247663 -000.45838413 1
111  49.18247728 -000.45838340 1
111  49.18247916 -000.45838740
111  49.18248018 -000.45838957 1
111  49.18248199 -000.45839340 1
112  49.18248026 -000.45839532  49.18247944 -000.45839622 1
111  49.18247900 -000.45839527 1
111  49.18247808 -000.45839332 1
112  49.18247865 -000.45839125  49.18247967 -000.45839013 1
115  49.18248018 -000.45838957
120 4
111  49.18248412 -000.45837924 1
111  49.18248630 -000.45838385 1
111  49.18248858 -000.45838135 1
111  49.18248335 -000.45837371 1
111  49.18248402 -000.45837281 1
111  49.18249051 -000.45838230 1
111  49.18248726 -000.45838588 1
111  49.18248882 -000.45838918 1
111  49.18248791 -000.45839018 1
111  49.18248635 -000.45838688 1
111  49.18248523 -000.45838813 1
111  49.18248426 -000.45838610 1
111  49.18248539 -000.45838486 1
113  49.18248321 -000.45838024 1
120 4
111  49.18230805 -000.45860681 1
111  49.18231024 -000.45861142 1
111  49.18231251 -000.45860892 1
111  49.18230729 -000.45860129 1
111  49.18230795 -000.45860038 1
111  49.18231445 -000.45860987 1
111  49.18231119 -000.45861345 1
111  49.18231275 -000.45861676 1
111  49.18231185 -000.45861776 1
111  49.18231028 -000.45861446 1
111  49.18230916 -000.45861570 1
111  49.18230820 -000.45861367 1
111  49.18230932 -000.45861243 1
113  49.18230714 -000.45860781 1
120 R
111  49.18239463 -000.45900125 1
111  49.18240615 -000.45900017 1
111  49.18240622 -000.45900202 1
111  49.18240062 -000.45900253 1
111  49.18240064 -000.45900302 1
111  49.18240641 -000.45900710 1
111  49.18240646 -000.45900839 1
111  49.18240562 -000.45900846 1
111  49.18240072 -000.45900499 1
111  49.18240087 -000.45900890 1
111  49.18239495 -000.45900946 1
111  49.18239463 -000.45900125
111  49.18239632 -000.45900294 1
111  49.18239901 -000.45900269 1
111  49.18239919 -000.45900720 1
111  49.18239649 -000.45900745 1
115  49.18239632 -000.45900294
120 R
111  49.18279098 -000.46008106 1
111  49.18280250 -000.46007999 1
111  49.18280257 -000.46008183 1
111  49.18279697 -000.46008234 1
111  49.18279699 -000.46008284 1
111  49.18280276 -000.46008691 1
111  49.18280281 -000.46008820 1
111  49.18280196 -000.46008828 1
111  49.18279707 -000.46008480 1
111  49.18279722 -000.46008871 1
111  49.18279129 -000.46008927 1
111  49.18279098 -000.46008106
111  49.18279266 -000.46008276 1
111  49.18279536 -000.46008250 1
111  49.18279554 -000.46008701 1
111  49.18279283 -000.46008727 1
115  49.18279266 -000.46008276
120 R
111  49.18278626 -000.45962434 1
111  49.18279553 -000.45961382 1
111  49.18279624 -000.45961530 1
111  49.18279174 -000.45962041 1
111  49.18279193 -000.45962080 1
111  49.18279822 -000.45961940 1
111  49.18279872 -000.45962044 1
111  49.18279804 -000.45962121 1
111  49.18279269 -000.45962238 1
111  49.18279422 -000.45962554 1
111  49.18278946 -000.45963096 1
111  49.18278626 -000.45962434
111  49.18278828 -000.45962435 1
111  49.18279045 -000.45962189 1
111  49.18279220 -000.45962552 1
111  49.18279003 -000.45962799 1
115  49.18278828 -000.45962435
120 0
111  49.18170451 -000.45747043 1
111  49.18170798 -000.45745363 1
111  49.18171311 -000.45745612 1
111  49.18170964 -000.45747293 1
111  49.18170451 -000.45747043
111  49.18170622 -000.45746845 1
111  49.18170859 -000.45745691 1
111  49.18171144 -000.45745829 1
111  49.18170905 -000.45746983 1
113  49.18170622 -000.45746845
120 0
111  49.18280500 -000.46008041 1
111  49.18281650 -000.46007937 1
111  49.18281681 -000.46008758 1
111  49.18280531 -000.46008863 1
111  49.18280500 -000.46008041
111  49.18280682 -000.46008214 1
111  49.18281471 -000.46008141 1
111  49.18281488 -000.46008597 1
111  49.18280699 -000.46008669 1
113  49.18280682 -000.46008214
120 0
111  49.18309832 -000.46007911 1
111  49.18308898 -000.46008943 1
111  49.18308584 -000.46008276 1
111  49.18309517 -000.46007243 1
111  49.18309832 -000.46007911
111  49.18309617 -000.46007915 1
111  49.18308977 -000.46008624 1
111  49.18308803 -000.46008254 1
111  49.18309444 -000.46007545 1
113  49.18309617 -000.46007915
120 0
111  49.18263574 -000.45949468 1
111  49.18264726 -000.45949461 1
111  49.18264728 -000.45950283 1
111  49.18263575 -000.45950292 1
111  49.18263574 -000.45949468
111  49.18263750 -000.45949656 1
111  49.18264541 -000.45949650 1
111  49.18264541 -000.45950106 1
111  49.18263750 -000.45950112 1
113  49.18263750 -000.45949656
120 0
111  49.18304656 -000.45998949 1
111  49.18303722 -000.45999981 1
111  49.18303408 -000.45999314 1
111  49.18304341 -000.45998281 1
111  49.18304656 -000.45998949
111  49.18304441 -000.45998952 1
111  49.18303801 -000.45999662 1
111  49.18303627 -000.45999292 1
111  49.18304268 -000.45998582 1
113  49.18304441 -000.45998952
120 0
111  49.18263577 -000.45947839 1
111  49.18264729 -000.45947831 1
111  49.18264730 -000.45948653 1
111  49.18263578 -000.45948662 1
111  49.18263577 -000.45947839
111  49.18263752 -000.45948027 1
111  49.18264543 -000.45948020 1
111  49.18264544 -000.45948476 1
111  49.18263753 -000.45948482 1
113  49.18263752 -000.45948027
120 0
111  49.18305274 -000.46000276 1
111  49.18304340 -000.46001308 1
111  49.18304026 -000.46000641 1
111  49.18304959 -000.45999608 1
111  49.18305274 -000.46000276
111  49.18305059 -000.46000280 1
111  49.18304419 -000.46000989 1
111  49.18304245 -000.46000619 1
111  49.18304886 -000.45999910 1
113  49.18305059 -000.46000280
120 1
111  49.18264733 -000.45946714 1
111  49.18263581 -000.45946725 1
111  49.18263580 -000.45946545 1
111  49.18263615 -000.45946427 1
111  49.18263755 -000.45946423 1
111  49.18263756 -000.45946545 1
113  49.18264732 -000.45946536 1
120 1
111  49.18304762 -000.46002220 1
111  49.18305694 -000.46001186 1
111  49.18305763 -000.46001331 1
111  49.18305780 -000.46001458 1
111  49.18305667 -000.46001586 1
111  49.18305621 -000.46001487 1
113  49.18304830 -000.46002364 1
120 2
111  49.18169718 -000.45744823 1
111  49.18170214 -000.45745063 1
111  49.18170161 -000.45745325 1
111  49.18169785 -000.45745143 1
111  49.18169744 -000.45745342 1
111  49.18169982 -000.45746210 1
111  49.18169872 -000.45746745 1
111  49.18169375 -000.45746505 1
111  49.18169462 -000.45746078 1
111  49.18169561 -000.45746125 1
111  49.18169589 -000.45746297 1
111  49.18169875 -000.45746435 1
111  49.18169906 -000.45746280 1
113  49.18169628 -000.45745263 1
120 2
111  49.18281594 -000.46006200 1
111  49.18281624 -000.46006995 1
111  49.18281445 -000.46007012 1
111  49.18281422 -000.46006410 1
111  49.18281286 -000.46006423 1
111  49.18280841 -000.46007072 1
111  49.18280475 -000.46007106 1
111  49.18280444 -000.46006311 1
111  49.18280736 -000.46006283 1
111  49.18280742 -000.46006442 1
111  49.18280647 -000.46006543 1
111  49.18280665 -000.46007000 1
111  49.18280771 -000.46006989 1
113  49.18281292 -000.46006229 1
120 2
111  49.18309555 -000.46010362 1
111  49.18309250 -000.46009717 1
111  49.18309395 -000.46009555 1
111  49.18309626 -000.46010044 1
111  49.18309736 -000.46009921 1
111  49.18309884 -000.46009008 1
111  49.18310180 -000.46008679 1
111  49.18310486 -000.46009324 1
111  49.18310249 -000.46009587 1
111  49.18310188 -000.46009459 1
111  49.18310233 -000.46009296 1
111  49.18310057 -000.46008925 1
111  49.18309972 -000.46009021 1
113  49.18309799 -000.46010090 1
120 3
111  49.18169206 -000.45744560 1
111  49.18169050 -000.45745323 1
111  49.18168801 -000.45745487 1
111  49.18168952 -000.45745805 1
111  49.18168863 -000.45746243 1
111  49.18168351 -000.45745994 1
111  49.18168403 -000.45745738 1
111  49.18168804 -000.45745933 1
111  49.18168834 -000.45745785 1
111  49.18168664 -000.45745427 1
111  49.18168944 -000.45745242 1
111  49.18169040 -000.45744777 1
111  49.18168638 -000.45744584 1
113  49.18168693 -000.45744311 1
120 3
111  49.18281571 -000.46005375 1
111  49.18281050 -000.46005424 1
111  49.18280861 -000.46005127 1
111  49.18280720 -000.46005457 1
111  49.18280421 -000.46005486 1
111  49.18280390 -000.46004665 1
111  49.18280565 -000.46004648 1
111  49.18280589 -000.46005291 1
111  49.18280690 -000.46005281 1
111  49.18280848 -000.46004910 1
111  49.18281061 -000.46005244 1
111  49.18281379 -000.46005215 1
111  49.18281353 -000.46004571 1
113  49.18281540 -000.46004553 1
120 3
111  49.18309864 -000.46011040 1
111  49.18310286 -000.46010570 1
111  49.18310550 -000.46010665 1
111  49.18310552 -000.46010272 1
111  49.18310794 -000.46010002 1
111  49.18311109 -000.46010668 1
111  49.18310968 -000.46010827 1
111  49.18310721 -000.46010304 1
111  49.18310639 -000.46010395 1
111  49.18310636 -000.46010838 1
111  49.18310340 -000.46010731 1
111  49.18310082 -000.46011017 1
111  49.18310329 -000.46011539 1
113  49.18310179 -000.46011708 1
120 3
111  49.18289136 -000.45949800 1
111  49.18288716 -000.45950275 1
111  49.18288452 -000.45950182 1
111  49.18288451 -000.45950576 1
111  49.18288211 -000.45950849 1
111  49.18287893 -000.45950186 1
111  49.18288033 -000.45950026 1
111  49.18288282 -000.45950546 1
111  49.18288364 -000.45950453 1
111  49.18288364 -000.45950011 1
111  49.18288661 -000.45950114 1
111  49.18288918 -000.45949825 1
111  49.18288668 -000.45949306 1
113  49.18288818 -000.45949135 1
120 3
111  49.18242036 -000.45899046 1
111  49.18241515 -000.45899095 1
111  49.18241326 -000.45898798 1
111  49.18241186 -000.45899128 1
111  49.18240887 -000.45899157 1
111  49.18240855 -000.45898336 1
111  49.18241030 -000.45898319 1
111  49.18241054 -000.45898962 1
111  49.18241156 -000.45898952 1
111  49.18241313 -000.45898581 1
111  49.18241526 -000.45898915 1
111  49.18241844 -000.45898886 1
111  49.18241819 -000.45898242 1
113  49.18242005 -000.45898224 1
120 3
111  49.18283019 -000.46006786 1
111  49.18282498 -000.46006835 1
111  49.18282309 -000.46006538 1
111  49.18282169 -000.46006868 1
111  49.18281870 -000.46006897 1
111  49.18281838 -000.46006076 1
111  49.18282013 -000.46006059 1
111  49.18282038 -000.46006702 1
111  49.18282139 -000.46006692 1
111  49.18282297 -000.46006321 1
111  49.18282509 -000.46006655 1
111  49.18282827 -000.46006626 1
111  49.18282802 -000.46005982 1
113  49.18282988 -000.46005963 1
120 3
111  49.18311840 -000.46006803 1
111  49.18312262 -000.46006334 1
111  49.18312526 -000.46006429 1
111  49.18312528 -000.46006036 1
111  49.18312770 -000.46005766 1
111  49.18313085 -000.46006432 1
111  49.18312944 -000.46006590 1
111  49.18312697 -000.46006068 1
111  49.18312615 -000.46006159 1
111  49.18312612 -000.46006602 1
111  49.18312316 -000.46006495 1
111  49.18312058 -000.46006781 1
111  49.18312305 -000.46007303 1
113  49.18312154 -000.46007472 1
120 4
111  49.18289049 -000.45951722 1
111  49.18289349 -000.45951385 1
111  49.18289183 -000.45951039 1
111  49.18288688 -000.45951843 1
111  49.18288629 -000.45951742 1
111  49.18289244 -000.45950742 1
111  49.18289481 -000.45951237 1
111  49.18289695 -000.45950996 1
111  49.18289761 -000.45951133 1
111  49.18289547 -000.45951375 1
111  49.18289629 -000.45951546 1
111  49.18289497 -000.45951695 1
111  49.18289415 -000.45951524 1
113  49.18289115 -000.45951861 1
120 4
111  49.18241280 -000.45900587 1
111  49.18241652 -000.45900553 1
111  49.18241636 -000.45900125 1
111  49.18240934 -000.45900389 1
111  49.18240920 -000.45900255 1
111  49.18241792 -000.45899926 1
111  49.18241815 -000.45900539 1
111  49.18242081 -000.45900515 1
111  49.18242087 -000.45900685 1
111  49.18241821 -000.45900710 1
111  49.18241829 -000.45900922 1
111  49.18241666 -000.45900937 1
111  49.18241658 -000.45900725 1
113  49.18241286 -000.45900758 1
120 4
111  49.18282263 -000.46008327 1
111  49.18282635 -000.46008293 1
111  49.18282619 -000.46007865 1
111  49.18281918 -000.46008129 1
111  49.18281903 -000.46007995 1
111  49.18282776 -000.46007666 1
111  49.18282798 -000.46008279 1
111  49.18283064 -000.46008255 1
111  49.18283071 -000.46008425 1
111  49.18282805 -000.46008450 1
111  49.18282813 -000.46008662 1
111  49.18282649 -000.46008677 1
111  49.18282642 -000.46008465 1
113  49.18282270 -000.46008498 1
120 4
111  49.18311936 -000.46004882 1
111  49.18311635 -000.46005216 1
111  49.18311798 -000.46005564 1
111  49.18312297 -000.46004765 1
111  49.18312357 -000.46004867 1
111  49.18311736 -000.46005861 1
111  49.18311502 -000.46005362 1
111  49.18311286 -000.46005601 1
111  49.18311221 -000.46005463 1
111  49.18311437 -000.46005223 1
111  49.18311355 -000.46005051 1
111  49.18311488 -000.46004904 1
111  49.18311569 -000.46005076 1
113  49.18311871 -000.46004743 1
120 7
111  49.18287627 -000.45949611 1
111  49.18287275 -000.45948878 1
111  49.18287418 -000.45948715 1
111  49.18287655 -000.45949208 1
111  49.18288171 -000.45948052 1
111  49.18288259 -000.45947951 1
113  49.18288316 -000.45948069 1
120 7
111  49.18240836 -000.45897633 1
111  49.18240802 -000.45896725 1
111  49.18240980 -000.45896707 1
111  49.18241003 -000.45897318 1
111  49.18241847 -000.45896777 1
111  49.18241957 -000.45896765 1
113  49.18241963 -000.45896912 1
120 7
111  49.18281820 -000.46005373 1
111  49.18281785 -000.46004465 1
111  49.18281963 -000.46004447 1
111  49.18281986 -000.46005058 1
111  49.18282830 -000.46004517 1
111  49.18282940 -000.46004505 1
113  49.18282946 -000.46004652 1
120 7
111  49.18313347 -000.46007010 1
111  49.18313696 -000.46007748 1
111  49.18313552 -000.46007909 1
111  49.18313318 -000.46007413 1
111  49.18312795 -000.46008563 1
111  49.18312707 -000.46008662 1
113  49.18312650 -000.46008544 1
120 A
111  49.18277703 -000.45959642 1
111  49.18278280 -000.45958674 1
111  49.18278319 -000.45958739 1
111  49.18278186 -000.45958962 1
111  49.18278390 -000.45959406 1
111  49.18278566 -000.45959277 1
111  49.18278594 -000.45959353 1
111  49.18277547 -000.45960125 1
111  49.18277490 -000.45960000 1
111  49.18277703 -000.45959642 1
111  49.18277737 -000.45959715 1
111  49.18278067 -000.45959162 1
111  49.18278232 -000.45959523 1
111  49.18277796 -000.45959845 1
113  49.18277737 -000.45959715 1
120 A
111  49.18275838 -000.45961689 1
111  49.18276415 -000.45960721 1
111  49.18276454 -000.45960786 1
111  49.18276322 -000.45961008 1
111  49.18276525 -000.45961453 1
111  49.18276701 -000.45961324 1
111  49.18276730 -000.45961399 1
111  49.18275682 -000.45962172 1
111  49.18275625 -000.45962047 1
111  49.18275838 -000.45961689 1
111  49.18275872 -000.45961762 1
111  49.18276202 -000.45961209 1
111  49.18276367 -000.45961570 1
111  49.18275931 -000.45961891 1
113  49.18275872 -000.45961762 1
120 A
111  49.18239676 -000.45897064 1
111  49.18240504 -000.45896731 1
111  49.18240513 -000.45896818 1
111  49.18240323 -000.45896894 1
111  49.18240336 -000.45897437 1
111  49.18240529 -000.45897475 1
111  49.18240527 -000.45897562 1
111  49.18239373 -000.45897339 1
111  49.18239369 -000.45897186 1
111  49.18239676 -000.45897064 1
111  49.18239678 -000.45897153 1
111  49.18240152 -000.45896963 1
111  49.18240162 -000.45897403 1
111  49.18239682 -000.45897311 1
113  49.18239678 -000.45897153 1
120 A
111  49.18279310 -000.46005045 1
111  49.18280139 -000.46004712 1
111  49.18280148 -000.46004799 1
111  49.18279958 -000.46004875 1
111  49.18279971 -000.46005418 1
111  49.18280164 -000.46005456 1
111  49.18280161 -000.46005543 1
111  49.18279008 -000.46005320 1
111  49.18279004 -000.46005168 1
111  49.18279310 -000.46005045 1
111  49.18279313 -000.46005134 1
111  49.18279787 -000.46004944 1
111  49.18279797 -000.46005385 1
111  49.18279316 -000.46005292 1
113  49.18279313 -000.46005134 1
120 A
111  49.18304054 -000.46026082 1
111  49.18303472 -000.46027043 1
111  49.18303433 -000.46026977 1
111  49.18303567 -000.46026757 1
111  49.18303366 -000.46026310 1
111  49.18303189 -000.46026436 1
111  49.18303161 -000.46026360 1
111  49.18304212 -000.46025601 1
111  49.18304269 -000.46025726 1
111  49.18304054 -000.46026082 1
111  49.18304021 -000.46026008 1
111  49.18303687 -000.46026558 1
111  49.18303524 -000.46026195 1
111  49.18303962 -000.46025878 1
113  49.18304021 -000.46026008 1
120 T
111  49.18278294 -000.45961711 1
111  49.18277975 -000.45961048 1
111  49.18278105 -000.45960901 1
111  49.18278230 -000.45961161 1
111  49.18279028 -000.45960258 1
111  49.18279099 -000.45960406 1
111  49.18278301 -000.45961309 1
113  49.18278423 -000.45961564 1
120 T
111  49.18276429 -000.45963757 1
111  49.18276110 -000.45963094 1
111  49.18276240 -000.45962948 1
111  49.18276365 -000.45963207 1
111  49.18277163 -000.45962304 1
111  49.18277234 -000.45962453 1
111  49.18276436 -000.45963355 1
113  49.18276559 -000.45963611 1
120 T
111  49.18239437 -000.45899291 1
111  49.18239405 -000.45898469 1
111  49.18239566 -000.45898455 1
111  49.18239578 -000.45898776 1
111  49.18240569 -000.45898682 1
111  49.18240576 -000.45898866 1
111  49.18239586 -000.45898960 1
113  49.18239598 -000.45899276 1
120 T
111  49.18279071 -000.46007272 1
111  49.18279039 -000.46006451 1
111  49.18279201 -000.46006436 1
111  49.18279213 -000.46006757 1
111  49.18280204 -000.46006663 1
111  49.18280211 -000.46006847 1
111  49.18279220 -000.46006941 1
113  49.18279232 -000.46007257 1
120 T
111  49.18303474 -000.46024006 1
111  49.18303789 -000.46024673 1
111  49.18303658 -000.46024818 1
111  49.18303535 -000.46024557 1
111  49.18302732 -000.46025451 1
111  49.18302662 -000.46025301 1
111  49.18303464 -000.46024408 1
113  49.18303343 -000.46024151 1
120 7
111  49.18277082 -000.45965132 1
111  49.18276730 -000.45964399 1
111  49.18276873 -000.45964235 1
111  49.18277110 -000.45964729 1
111  49.18277626 -000.45963573 1
111  49.18277714 -000.45963472 1
113  49.18277771 -000.45963590 1
120 7
111  49.18302827 -000.46022624 1
111  49.18303175 -000.46023361 1
111  49.18303031 -000.46023523 1
111  49.18302797 -000.46023027 1
111  49.18302275 -000.46024176 1
111  49.18302187 -000.46024276 1
113  49.18302130 -000.46024158 1
120 t
111  49.18214363 -000.45937604 1
111  49.18214649 -000.45938196 1
111  49.18214903 -000.45937910 1
111  49.18215050 -000.45938213 1
111  49.18214797 -000.45938500 1
111  49.18215809 -000.45940590 1
112  49.18215756 -000.45941116  49.18215555 -000.45941342 1
111  49.18215498 -000.45941407 1
111  49.18215350 -000.45941104 1
112  49.18215493 -000.45940943  49.18215611 -000.45940809 1
111  49.18215491 -000.45940566 1
111  49.18214598 -000.45938723 1
111  49.18214339 -000.45939016 1
111  49.18214192 -000.45938713 1
111  49.18214451 -000.45938420 1
113  49.18214164 -000.45937829 1
120 o
111  49.18213599 -000.45939841 1
111  49.18214592 -000.45941890 1
112  49.18214453 -000.45942743  49.18214094 -000.45943147 1
111  49.18213878 -000.45942689 1
111  49.18212885 -000.45940639 1
112  49.18213023 -000.45939791  49.18213379 -000.45939391 1
111  49.18213599 -000.45939841
111  49.18213525 -000.45940322 1
111  49.18214268 -000.45941855 1
112  49.18214236 -000.45942289  49.18214080 -000.45942465 1
111  49.18213952 -000.45942208 1
111  49.18213211 -000.45940678 1
112  49.18213244 -000.45940240  49.18213399 -000.45940065 1
115  49.18213525 -000.45940322
120 1
111  49.18248905 -000.46010433 1
111  49.18250439 -000.46013778 1
111  49.18250282 -000.46013948 1
111  49.18250131 -000.46013959 1
111  49.18249942 -000.46013553 1
111  49.18250049 -000.46013438 1
113  49.18248748 -000.46010601 1
120 6
111  49.18155989 -000.45806223 1
111  49.18154743 -000.45803520 1
111  49.18155466 -000.45802741
111  49.18155534 -000.45803444 1
111  49.18156002 -000.45804458 1
111  49.18155624 -000.45804865 1
111  49.18155156 -000.45803850 1
111  49.18155534 -000.45803444
111  49.18155466 -000.45802741 1
111  49.18156399 -000.45804764 1
111  49.18155850 -000.45805355 1
111  49.18156120 -000.45805942 1
111  49.18156754 -000.45806091 1
111  49.18156835 -000.45806265 1
113  49.18156716 -000.45806395 1
120 3
111  49.18224572 -000.45985543 1
111  49.18225506 -000.45984364 1
111  49.18226038 -000.45984363 1
111  49.18226095 -000.45983617 1
111  49.18226630 -000.45982939 1
111  49.18227193 -000.45983983 1
111  49.18226881 -000.45984380 1
111  49.18226439 -000.45983561 1
111  49.18226258 -000.45983791 1
111  49.18226195 -000.45984629 1
111  49.18225596 -000.45984632 1
111  49.18225026 -000.45985351 1
111  49.18225468 -000.45986168 1
113  49.18225135 -000.45986591 1
120 2
111  49.18251445 -000.46007636 1
111  49.18251797 -000.46006442 1
111  49.18252177 -000.46006704 1
111  49.18251910 -000.46007609 1
111  49.18252198 -000.46007807 1
111  49.18253458 -000.46007583 1
111  49.18254233 -000.46008119 1
111  49.18253881 -000.46009314 1
111  49.18253263 -000.46008888 1
111  49.18253332 -000.46008649 1
111  49.18253582 -000.46008655 1
111  49.18253784 -000.46007968 1
111  49.18253559 -000.46007814 1
113  49.18252084 -000.46008076 1
120 B
111  49.18244693 -000.45883785 1
111  49.18242503 -000.45886131 1
112  49.18242189 -000.45885450  49.18241996 -000.45885029 1
111  49.18242368 -000.45884635 1
112  49.18242847 -000.45884122  49.18243017 -000.45883941 1
111  49.18243232 -000.45884205 1
112  49.18243337 -000.45883599  49.18243515 -000.45883408 1
112  49.18243879 -000.45883020  49.18244187 -000.45882690 1
111  49.18244391 -000.45883126 1
111  49.18244693 -000.45883785
111  49.18243649 -000.45884569 1
112  49.18243459 -000.45884156  49.18243352 -000.45883922 1
111  49.18243509 -000.45883754 1
111  49.18243760 -000.45883486 1
112  49.18244073 -000.45883509  49.18244185 -000.45883751 1
111  49.18244261 -000.45883914 1
111  49.18243649 -000.45884569
111  49.18243317 -000.45884924 1
111  49.18242730 -000.45885551 1
112  49.18242527 -000.45885109  49.18242432 -000.45884902 1
111  49.18242577 -000.45884750 1
111  49.18242876 -000.45884430 1
112  49.18243139 -000.45884534  49.18243258 -000.45884793 1
115  49.18243317 -000.45884924
120 4
111  49.18244778 -000.45886146 1
111  49.18244071 -000.45886903 1
111  49.18244334 -000.45887481 1
111  49.18245561 -000.45885768 1
111  49.18245662 -000.45885932 1
111  49.18244137 -000.45888063 1
111  49.18243760 -000.45887234 1
111  49.18243253 -000.45887776 1
111  49.18243148 -000.45887546 1
111  49.18243654 -000.45887003 1
111  49.18243523 -000.45886718 1
111  49.18243834 -000.45886384 1
111  49.18243964 -000.45886670 1
113  49.18244673 -000.45885914 1
120 4
111  49.18225456 -000.45906965 1
111  49.18224749 -000.45907722 1
111  49.18225013 -000.45908300 1
111  49.18226239 -000.45906587 1
111  49.18226340 -000.45906751 1
111  49.18224815 -000.45908882 1
111  49.18224438 -000.45908053 1
111  49.18223931 -000.45908595 1
111  49.18223826 -000.45908365 1
111  49.18224332 -000.45907822 1
111  49.18224201 -000.45907536 1
111  49.18224512 -000.45907203 1
111  49.18224642 -000.45907489 1
113  49.18225351 -000.45906733 1
120 A
111  49.18224484 -000.45904582 1
111  49.18223047 -000.45906635 1
111  49.18222981 -000.45906529 1
111  49.18223311 -000.45906058 1
111  49.18222991 -000.45905311 1
111  49.18222593 -000.45905625 1
111  49.18222551 -000.45905496 1
111  49.18224925 -000.45903612 1
111  49.18225015 -000.45903822 1
111  49.18224484 -000.45904582 1
111  49.18224431 -000.45904459 1
111  49.18223609 -000.45905633 1
111  49.18223349 -000.45905026 1
111  49.18224338 -000.45904241 1
113  49.18224431 -000.45904459 1
120 A
111  49.18125000 -000.45704247 1
111  49.18123563 -000.45706300 1
111  49.18123497 -000.45706195 1
111  49.18123827 -000.45705723 1
111  49.18123507 -000.45704976 1
111  49.18123109 -000.45705291 1
111  49.18123066 -000.45705162 1
111  49.18125441 -000.45703278 1
111  49.18125531 -000.45703488 1
111  49.18125000 -000.45704247 1
111  49.18124947 -000.45704124 1
111  49.18124124 -000.45705298 1
111  49.18123865 -000.45704691 1
111  49.18124853 -000.45703907 1
113  49.18124947 -000.45704124 1
120 B
111  49.18143994 -000.45684369 1
111  49.18141804 -000.45686716 1
112  49.18141491 -000.45686034  49.18141298 -000.45685613 1
111  49.18141669 -000.45685219 1
112  49.18142149 -000.45684706  49.18142318 -000.45684525 1
111  49.18142533 -000.45684789 1
112  49.18142639 -000.45684183  49.18142817 -000.45683992 1
112  49.18143181 -000.45683604  49.18143489 -000.45683274 1
111  49.18143693 -000.45683711 1
111  49.18143994 -000.45684369
111  49.18142950 -000.45685153 1
112  49.18142761 -000.45684740  49.18142653 -000.45684506 1
111  49.18142810 -000.45684338 1
111  49.18143061 -000.45684070 1
112  49.18143375 -000.45684093  49.18143486 -000.45684335 1
111  49.18143563 -000.45684498 1
111  49.18142950 -000.45685153
111  49.18142618 -000.45685508 1
111  49.18142031 -000.45686135 1
112  49.18141828 -000.45685693  49.18141733 -000.45685486 1
111  49.18141878 -000.45685334 1
111  49.18142178 -000.45685014 1
112  49.18142440 -000.45685118  49.18142559 -000.45685377 1
115  49.18142618 -000.45685508
120 8
111  49.18142332 -000.45687837 1
111  49.18143433 -000.45686656 1
111  49.18143665 -000.45686808
111  49.18143515 -000.45686971 1
111  49.18143779 -000.45687548 1
111  49.18143072 -000.45688307 1
111  49.18142807 -000.45687729 1
111  49.18143515 -000.45686971
111  49.18143882 -000.45686572 1
111  49.18144148 -000.45687151 1
111  49.18144568 -000.45686701 1
111  49.18144303 -000.45686123 1
111  49.18143882 -000.45686572
111  49.18143701 -000.45686886
111  49.18143665 -000.45686808 1
111  49.18143740 -000.45686726 1
111  49.18143730 -000.45686339 1
111  49.18144519 -000.45685490 1
111  49.18145026 -000.45686601 1
111  49.18144222 -000.45687463 1
111  49.18143997 -000.45687314 1
111  49.18143923 -000.45687394 1
111  49.18143934 -000.45687771 1
113  49.18142839 -000.45688946 1
120 8
111  49.18124036 -000.45707321 1
111  49.18125138 -000.45706139 1
111  49.18125370 -000.45706292
111  49.18125220 -000.45706454 1
111  49.18125484 -000.45707032 1
111  49.18124777 -000.45707790 1
111  49.18124512 -000.45707212 1
111  49.18125220 -000.45706454
111  49.18125587 -000.45706056 1
111  49.18125853 -000.45706635 1
111  49.18126272 -000.45706185 1
111  49.18126007 -000.45705607 1
111  49.18125587 -000.45706056
111  49.18125406 -000.45706370
111  49.18125370 -000.45706292 1
111  49.18125445 -000.45706210 1
111  49.18125434 -000.45705822 1
111  49.18126224 -000.45704973 1
111  49.18126731 -000.45706085 1
111  49.18125926 -000.45706947 1
111  49.18125702 -000.45706797 1
111  49.18125628 -000.45706877 1
111  49.18125639 -000.45707255 1
113  49.18124543 -000.45708430 1
120 4
111  49.18218019 -000.45938560 1
111  49.18218518 -000.45939636 1
111  49.18218895 -000.45939229 1
111  49.18217767 -000.45937364 1
111  49.18217873 -000.45937209 1
111  49.18219276 -000.45939527 1
111  49.18218737 -000.45940110 1
111  49.18219095 -000.45940881 1
111  49.18218945 -000.45941044 1
111  49.18218587 -000.45940273 1
111  49.18218401 -000.45940476 1
111  49.18218181 -000.45940002 1
111  49.18218367 -000.45939801 1
113  49.18217868 -000.45938722 1
120 5
111  49.18217572 -000.45945948 1
111  49.18216496 -000.45943627 1
111  49.18217053 -000.45943023 1
111  49.18216818 -000.45942518 1
111  49.18216262 -000.45943122 1
111  49.18216026 -000.45942615 1
111  49.18216748 -000.45941832 1
111  49.18217464 -000.45943376 1
111  49.18216898 -000.45943989 1
111  49.18217479 -000.45945241 1
111  49.18218044 -000.45944627 1
113  49.18218295 -000.45945167 1
120 8
111  49.18213358 -000.45936848 1
111  49.18212579 -000.45935171 1
111  49.18212677 -000.45934815
111  49.18212784 -000.45935043 1
111  49.18213160 -000.45934635 1
111  49.18213660 -000.45935712 1
111  49.18213284 -000.45936121 1
111  49.18212784 -000.45935043
111  49.18212521 -000.45934484 1
111  49.18212898 -000.45934073 1
111  49.18212601 -000.45933434 1
111  49.18212225 -000.45933844 1
111  49.18212521 -000.45934484
111  49.18212728 -000.45934759
111  49.18212677 -000.45934815 1
111  49.18212623 -000.45934701 1
111  49.18212370 -000.45934719 1
111  49.18211809 -000.45933517 1
111  49.18212532 -000.45932734 1
111  49.18213101 -000.45933958 1
111  49.18213005 -000.45934303 1
111  49.18213058 -000.45934416 1
111  49.18213305 -000.45934396 1
113  49.18214080 -000.45936064 1
120 5
111  49.18169750 -000.45835627 1
111  49.18168674 -000.45833306 1
111  49.18169231 -000.45832702 1
111  49.18168996 -000.45832197 1
111  49.18168439 -000.45832801 1
111  49.18168204 -000.45832295 1
111  49.18168926 -000.45831511 1
111  49.18169642 -000.45833055 1
111  49.18169076 -000.45833668 1
111  49.18169657 -000.45834921 1
111  49.18170222 -000.45834306 1
113  49.18170473 -000.45834846 1
120 6
111  49.18167233 -000.45827949 1
111  49.18168489 -000.45830641 1
111  49.18167768 -000.45831426
111  49.18167698 -000.45830724 1
111  49.18167226 -000.45829714 1
111  49.18167603 -000.45829303 1
111  49.18168075 -000.45830315 1
111  49.18167698 -000.45830724
111  49.18167768 -000.45831426 1
111  49.18166828 -000.45829412 1
111  49.18167375 -000.45828816 1
111  49.18167102 -000.45828231 1
111  49.18166468 -000.45828088 1
111  49.18166386 -000.45827914 1
113  49.18166505 -000.45827784 1
120 7
111  49.18127665 -000.45745497 1
111  49.18128463 -000.45744629 1
111  49.18128704 -000.45745144 1
111  49.18128168 -000.45745727 1
111  49.18129732 -000.45747784 1
111  49.18129881 -000.45748100 1
113  49.18129753 -000.45748241 1
120 8
111  49.18123528 -000.45736482 1
111  49.18122748 -000.45734805 1
111  49.18122846 -000.45734449
111  49.18122954 -000.45734677 1
111  49.18123329 -000.45734268 1
111  49.18123830 -000.45735346 1
111  49.18123454 -000.45735755 1
111  49.18122954 -000.45734677
111  49.18122691 -000.45734118 1
111  49.18123067 -000.45733707 1
111  49.18122771 -000.45733068 1
111  49.18122395 -000.45733477 1
111  49.18122691 -000.45734118
111  49.18122897 -000.45734393
111  49.18122846 -000.45734449 1
111  49.18122793 -000.45734334 1
111  49.18122539 -000.45734353 1
111  49.18121979 -000.45733151 1
111  49.18122702 -000.45732368 1
111  49.18123271 -000.45733592 1
111  49.18123175 -000.45733937 1
111  49.18123227 -000.45734050 1
111  49.18123474 -000.45734030 1
113  49.18124250 -000.45735698 1
120 Arrow
111  49.18269891 -000.45947912 1
111  49.18271374 -000.45949514 1
113  49.18270419 -000.45950581 1
120 Arrow
111  49.18275414 -000.45959643 1
115  49.18271162 -000.45950612
120 Arrow
111  49.18271651 -000.45946071 1
111  49.18273134 -000.45947673 1
113  49.18272179 -000.45948739 1
120 Arrow
111  49.18277174 -000.45957802 1
115  49.18272922 -000.45948771
120 Arrow
111  49.18281666 -000.45935146 1
111  49.18283149 -000.45936749 1
113  49.18282194 -000.45937815 1
120 Arrow
111  49.18287188 -000.45946877 1
115  49.18282937 -000.45937846
120 Arrow
111  49.18299300 -000.45988791 1
111  49.18300783 -000.45990394 1
113  49.18299828 -000.45991460 1
120 Arrow
111  49.18303289 -000.45997264 1
115  49.18300571 -000.45991492
120 Arrow
111  49.18319347 -000.46021443 1
111  49.18317870 -000.46019826 1
113  49.18318830 -000.46018769 1
120 Arrow
111  49.18313873 -000.46009659 1
115  49.18318087 -000.46018731
120 Arrow
111  49.18316856 -000.46024201 1
111  49.18315380 -000.46022584 1
113  49.18316339 -000.46021527 1
120 Arrow
111  49.18311382 -000.46012417 1
115  49.18315596 -000.46021489
120 Arrow
111  49.18310011 -000.46039794 1
111  49.18308534 -000.46038177 1
113  49.18309494 -000.46037120 1
120 Arrow
111  49.18304536 -000.46028010 1
115  49.18308751 -000.46037081
120 T
111  49.18046295 -000.45411674 1
111  49.18045905 -000.45411675 1
115  49.18045515 -000.45411676
120 T
111  49.18042753 -000.45407552 1
111  49.18042760 -000.45406956 1
115  49.18042767 -000.45406360
120 T
111  49.18045909 -000.45402223 1
115  49.18045905 -000.45411675
120 T
111  49.18048936 -000.45407148 1
115  49.18042760 -000.45406956
120 T
111  49.18056027 -000.45432174 1
111  49.18055638 -000.45432175 1
115  49.18055248 -000.45432176
120 T
111  49.18052485 -000.45428053 1
111  49.18052492 -000.45427457 1
115  49.18052499 -000.45426860
120 T
111  49.18055642 -000.45422724 1
115  49.18055638 -000.45432175
120 T
111  49.18058669 -000.45427648 1
115  49.18052492 -000.45427457
120 Park markings
111  49.18228871 -000.45863087 1
115  49.18224439 -000.45868114
120 Park markings
111  49.18246673 -000.45840061 1
115  49.18242241 -000.45845087
120 Park markings
111  49.18265092 -000.45962987 1
115  49.18264498 -000.45952181
120 Park markings
111  49.18281212 -000.46010402 1
115  49.18282071 -000.46021458
120 Park markings
111  49.18309950 -000.46031583 1
115  49.18267934 -000.46037109
120 Park markings
111  49.18284764 -000.45974096 1
115  49.18253518 -000.45978337
120 Park markings
111  49.18241580 -000.45913104 1
115  49.18241083 -000.45902267
120 Park markings
111  49.18265310 -000.45922061 1
115  49.18229003 -000.45927313
120 Park markings
111  49.18181805 -000.45699487 1
115  49.18176189 -000.45705857
120 Park markings
111  49.18162516 -000.45720596 1
115  49.18156511 -000.45726908
120 Park markings
111  49.18167422 -000.45744440 1
115  49.18160545 -000.45741004
120 Park markings
111  49.18147055 -000.45758848 8
115  49.18158805 -000.45707647
120 Park markings
112  49.18126248 -000.45744900  49.18121183 -000.45727410 8
111  49.18130862 -000.45718490 8
115  49.18172785 -000.45673526
120 Park markings
111  49.18195758 -000.45812974 1
112  49.18188190 -000.45796540  49.18186543 -000.45793044 1
115  49.18183104 -000.45794189
120 Park markings
111  49.18175917 -000.45770605 1
112  49.18183274 -000.45785896  49.18185386 -000.45790328 1
115  49.18183104 -000.45794189
120 Park markings
112  49.18155563 -000.45766226  49.18163514 -000.45753359 1
111  49.18157419 -000.45740183 1
111  49.18141447 -000.45706122 1
116  49.18124974 -000.45701023  49.18114023 -000.45707514
120 Park markings
111  49.18152313 -000.45769730 1
111  49.18148302 -000.45773496 1
116  49.18138412 -000.45771027  49.18133382 -000.45764793
120 Park markings
112  49.18149217 -000.45794237  49.18145259 -000.45779215 1
111  49.18152313 -000.45769730 1
111  49.18155563 -000.45766226 1
111  49.18173891 -000.45746463 1
112  49.18177044 -000.45720214  49.18171023 -000.45704097
111  49.18177044 -000.45720214 1
111  49.18160503 -000.45684620
112  49.18160503 -000.45684620  49.18152251 -000.45673764 1
111  49.18144192 -000.45680657 1
115  49.18139315 -000.45685631
120 Park markings
111  49.18186164 -000.45759287 1
112  49.18193411 -000.45774917  49.18195353 -000.45779105 1
115  49.18193271 -000.45783244
120 Park markings
111  49.18196342 -000.45748134 1
112  49.18203699 -000.45763425  49.18205811 -000.45767857 1
115  49.18203319 -000.45772339
120 Park markings
111  49.18205956 -000.45801627 1
112  49.18198521 -000.45785666  49.18196873 -000.45782170 1
115  49.18193271 -000.45783244
120 Park markings
111  49.18216257 -000.45790559 1
112  49.18208467 -000.45773955  49.18206820 -000.45770459 1
111  49.18203319 -000.45772339 1
111  49.18193271 -000.45783244 1
111  49.18183104 -000.45794189 1
111  49.18167038 -000.45811482 1
116  49.18165438 -000.45829080  49.18169003 -000.45840108
120 Park markings
112  49.18184323 -000.45869646  49.18189769 -000.45876883 1
115  49.18195260 -000.45871741
120 Park markings
112  49.18171857 -000.45842868  49.18177358 -000.45849517 1
115  49.18182825 -000.45844988
120 Park markings
112  49.18225795 -000.45838897  49.18233384 -000.45830706 1
111  49.18229763 -000.45820648 1
111  49.18225848 -000.45811994 1
112  49.18214706 -000.45810587  49.18208365 -000.45816548
111  49.18214706 -000.45810587 1
111  49.18182825 -000.45844988 1
116  49.18180495 -000.45861423  49.18183363 -000.45871577
120 Park markings
112  49.18231496 -000.45903494  49.18235902 -000.45895142 1
111  49.18232698 -000.45887626 1
111  49.18220262 -000.45860566 1
116  49.18209391 -000.45856542  49.18202255 -000.45860632
120 Park markings
112  49.18215175 -000.45935918  49.18211967 -000.45924977 1
111  49.18217334 -000.45918688 1
111  49.18231496 -000.45903494 1
111  49.18246489 -000.45887409 1
112  49.18248937 -000.45868540  49.18244806 -000.45856339
111  49.18248937 -000.45868540 1
112  49.18236537 -000.45842247  49.18232794 -000.45834321 1
111  49.18225795 -000.45838897 1
111  49.18209391 -000.45856542 1
111  49.18195260 -000.45871741 1
116  49.18192819 -000.45887896  49.18195067 -000.45897924
120 Park markings
112  49.18149217 -000.45794237  49.18142198 -000.45782379 1
112  49.18132291 -000.45785218  49.18126389 -000.45790947 1
111  49.18122854 -000.45784809 1
115  49.18114265 -000.45766963
120 Junction
112  49.18156241 -000.45809325  49.18161494 -000.45816387 1
115  49.18167038 -000.45811482
120 Junction
112  49.18213069 -000.45998619  49.18230958 -000.45974887 1
115  49.18219891 -000.45945803
120 ACB markings
111  49.18139257 -000.45524873 1
111  49.18111730 -000.45554967 1
116  49.18107622 -000.45580514  49.18111253 -000.45596268
120 ACB markings
111  49.18067069 -000.45445806 1
115  49.18065424 -000.45437851
120 ACB markings
111  49.18094171 -000.45513681 1
115  49.18096119 -000.45511051
120 ACB markings
111  49.18087843 -000.45500232 1
115  49.18089791 -000.45497603
120 ACB markings
111  49.18082023 -000.45487860 1
115  49.18083972 -000.45485230
120 ACB markings
111  49.18076254 -000.45475596 1
115  49.18078203 -000.45472967
120 ACB markings
111  49.18070462 -000.45463282 1
115  49.18072411 -000.45460652
120 ACB markings
111  49.18060811 -000.45438456 1
115  49.18095005 -000.45510762
120 ACB markings
112  49.18062906 -000.45444774  49.18051894 -000.45455509 1
115  49.18040206 -000.45435519
120 ACB markings
111  49.18100701 -000.45497706 1
111  49.18075570 -000.45445039 1
112  49.18062906 -000.45444774  49.18055158 -000.45453083 1
116  49.18060302 -000.45478946  49.18062749 -000.45485976
120 ACB markings
111  49.18089934 -000.45453638 1
111  49.18086752 -000.45457074 1
112  49.18083801 -000.45456106  49.18082547 -000.45454148
111  49.18083801 -000.45456106 1
115  49.18066598 -000.45419799
120 Stand 3
111  49.18285177 -000.45914253 1
111  49.18245742 -000.45957032 1
115  49.18213003 -000.45998619
120 Taxiline apron
111  49.18334780 -000.46021659 1
111  49.18292433 -000.46067121 1
112  49.18274555 -000.46063250  49.18266349 -000.46049504
111  49.18274555 -000.46063250 1
111  49.18247657 -000.46004971 1
111  49.18219825 -000.45945803 1
111  49.18215175 -000.45935918 1
111  49.18192819 -000.45887896 1
111  49.18184323 -000.45869646 1
111  49.18180495 -000.45861423 1
111  49.18171857 -000.45842868 1
111  49.18165438 -000.45829080 1
111  49.18156241 -000.45809325 1
111  49.18149217 -000.45794237 1
111  49.18138412 -000.45771027 1
111  49.18126248 -000.45744900 1
111  49.18119857 -000.45731170
112  49.18119857 -000.45731170  49.18113347 -000.45715040 1
111  49.18122520 -000.45703668 1
111  49.18124974 -000.45701023 1
111  49.18139315 -000.45685631
112  49.18139315 -000.45685631  49.18149355 -000.45672025 1
111  49.18142787 -000.45656403 1
111  49.18107622 -000.45580514 1
111  49.18060302 -000.45478946 1
111  49.18040206 -000.45435519 1
115  49.17914699 -000.45166426
120 Taxiline C1
112  49.17672461 -000.45679141  49.17659869 -000.45692142 1
111  49.17648993 -000.45674483 1
115  49.17616681 -000.45605014
120 Taxiline C1
111  49.17699665 -000.45784324 1
111  49.17668594 -000.45717079 1
112  49.17672461 -000.45679141  49.17685617 -000.45660979
111  49.17672461 -000.45679141 1
115  49.17685595 -000.45665390
120 Arrow
111  49.18116186 -000.46558720 1
115  49.18113334 -000.46567605
120 Arrow
111  49.18112219 -000.46567644 1
111  49.18114092 -000.46569019 1
113  49.18112472 -000.46570600 1
120 Arrow
111  49.17170572 -000.44526300 1
115  49.17164124 -000.44527122
120 Arrow
111  49.17163529 -000.44525678 1
111  49.17163720 -000.44528843 1
113  49.17162001 -000.44527528 1
120 Side line
112  49.17172118 -000.44597117  49.17165649 -000.44580559 3
111  49.17164324 -000.44564840 3
111  49.17161662 -000.44527184 3
116  49.17128012 -000.44499268  49.17098449 -000.44512935
120 Side line
112  49.18069263 -000.46531352  49.18075265 -000.46544457 3
111  49.18084160 -000.46551228 3
111  49.18112229 -000.46571779 3
116  49.18112420 -000.46622967  49.18098541 -000.46652487
120 Raquette 31
111  49.17189020 -000.44684046 1
112  49.17157770 -000.44616404  49.17154916 -000.44610221 1
111  49.17154878 -000.44604300 1
112  49.17149934 -000.44527456  49.17148240 -000.44512883 1
115  49.17135741 -000.44515256
120 Raquette 13
111  49.18022764 -000.46482226 1
111  49.18048390 -000.46537208
112  49.18054148 -000.46547992  49.18055305 -000.46549409
111  49.18054148 -000.46547992
112  49.18054148 -000.46547992  49.18055270 -000.46549366 1
112  49.18058252 -000.46552053  49.18059750 -000.46553117
111  49.18058252 -000.46552053
112  49.18058252 -000.46552053  49.18061296 -000.46554216 1
111  49.18085653 -000.46571497
111  49.18090722 -000.46575095 1
112  49.18105036 -000.46585620  49.18108890 -000.46588751 1
111  49.18108966 -000.46596529 1
112  49.18105596 -000.46614684  49.18101608 -000.46625835
111  49.18105596 -000.46614684
112  49.18105596 -000.46614684  49.18102670 -000.46622866 1
112  49.18093094 -000.46628984  49.18088130 -000.46630515
111  49.18093094 -000.46628984
112  49.18093094 -000.46628984  49.18091293 -000.46629540
112  49.18087614 -000.46629468  49.18085784 -000.46629244
111  49.18087614 -000.46629468
112  49.18087614 -000.46629468  49.18080738 -000.46628627 1
112  49.18061790 -000.46592386  49.18055299 -000.46564110
111  49.18061790 -000.46592386 1
112  49.18061077 -000.46582328  49.18061187 -000.46577279 1
112  49.18058120 -000.46563827  49.18056439 -000.46560145
111  49.18046979 -000.46538591 1
115  49.18021348 -000.46483642
120 Junction
112  49.17964106 -000.46268017  49.17959713 -000.46271486 1
112  49.17951662 -000.46274529  49.17947770 -000.46275521
111  49.17951662 -000.46274529
112  49.17951662 -000.46274529  49.17938452 -000.46277895
112  49.17922610 -000.46262008  49.17916899 -000.46254959
111  49.17922610 -000.46262008
112  49.17922610 -000.46262008  49.17919223 -000.46257827 1
111  49.17917390 -000.46254277 1
115  49.17885204 -000.46184648
120 Junction
112  49.17907821 -000.46328287  49.17912069 -000.46322764 1
112  49.17917211 -000.46311229  49.17919321 -000.46305462
111  49.17917211 -000.46311229
112  49.17917211 -000.46311229  49.17923719 -000.46293440
112  49.17918967 -000.46265180  49.17916487 -000.46254691
111  49.17918967 -000.46265180
112  49.17918967 -000.46265180  49.17917572 -000.46259281 1
111  49.17916112 -000.46255685 1
115  49.17883915 -000.46186058
120 Taxiline B1
111  49.17984772 -000.46404745 1
111  49.17959148 -000.46348946
111  49.17953677 -000.46337501 1
112  49.17933945 -000.46320642  49.17921892 -000.46316687
111  49.17933945 -000.46320642
112  49.17933945 -000.46320642  49.17930119 -000.46319387
112  49.17921251 -000.46320279  49.17916649 -000.46321525
111  49.17921251 -000.46320279
112  49.17921251 -000.46320279  49.17917029 -000.46321422 1
112  49.17907821 -000.46328287  49.17903117 -000.46332663
111  49.17907821 -000.46328287 1
111  49.17891123 -000.46347181 1
112  49.17881187 -000.46375750  49.17880049 -000.46393195 1
111  49.17877644 -000.46429781
111  49.17877225 -000.46436319 1
115  49.17821063 -000.47312710
120 Taxiline A1
111  49.18307555 -000.45962606 1
111  49.18264941 -000.46008642 1
112  49.18247657 -000.46004971  49.18239296 -000.45992348 1
112  49.18213003 -000.45998619  49.18201958 -000.46010621 1
111  49.18018421 -000.46209889 1
111  49.17964106 -000.46268017
112  49.17964106 -000.46268017  49.17960430 -000.46273117 1
112  49.17955788 -000.46283646  49.17953845 -000.46288900
111  49.17955788 -000.46283646
112  49.17955788 -000.46283646  49.17953530 -000.46289752
112  49.17951723 -000.46301571  49.17951156 -000.46307311
111  49.17951723 -000.46301571
112  49.17951723 -000.46301571  49.17949817 -000.46320846 1
111  49.17955470 -000.46336323
111  49.17960582 -000.46347433 1
115  49.17986122 -000.46402943
120 Holding point A1
111  49.17881903 -000.46433756 4
115  49.17872982 -000.46432359
120 Holding point A1
111  49.17999838 -000.46217576 4
115  49.18007552 -000.46233773
120 Side line
112  49.18214590 -000.45953717  49.18219541 -000.45977141 3
111  49.18208319 -000.45991385 3
111  49.18167669 -000.46035516
111  49.18153984 -000.46050372 3
111  49.18022367 -000.46193256
111  49.18006348 -000.46210646 3
111  49.17999838 -000.46217576 3
111  49.17969581 -000.46249781 3
116  49.17933340 -000.46238370  49.17917370 -000.46208559
120 Side line
112  49.18245854 -000.46018393  49.18232783 -000.45992338 3
111  49.18215511 -000.46008272 3
111  49.18023220 -000.46217071 3
111  49.18007552 -000.46233773 3
111  49.17977209 -000.46266119 3
116  49.17972021 -000.46321758  49.17985234 -000.46355349
120 Traffic area
111  49.18124367 -000.45598004 20
111  49.18114032 -000.45575177 20
112  49.18105978 -000.45554811  49.18101962 -000.45546059 20
115  49.18090694 -000.45521990
120 Traffic area
111  49.17988625 -000.45276469 20
115  49.17978065 -000.45254010
120 Traffic area
111  49.18297172 -000.46074354 20
111  49.18274034 -000.46024878 20
111  49.18276037 -000.46005401 20
111  49.18169633 -000.45777129 20
115  49.18144674 -000.45803969
120 Traffic area
111  49.18338788 -000.46030353 20
111  49.18334780 -000.46021659 20
111  49.18307555 -000.45962606 20
111  49.18285177 -000.45914253 20
111  49.18172785 -000.45673526 20
115  49.18155793 -000.45637133
21  49.17997847 -000.46213792 6 215.3500 3.00 Wigwag
21  49.17870388 -000.46431430 6 84.6200 3.00 Wigwag
21  49.18008637 -000.46237379 6 215.3500 3.00 Wigwag
21  49.17885142 -000.46433766 6 84.6200 3.00 Wigwag
21  49.17864322 -000.46020695 2 125.3600 3.00 13  PAPI-4L
20  49.18024516 -000.45795137 195.9500 0 3 {@L}G1{@R}13L{@@,safety,@L}G1
20  49.17873597 -000.45473282 197.0500 0 3 {@L}G4{@R}31R-13L{@@,safety,@L}G4
20  49.17677083 -000.44955269 115.8200 0 3 {@L}G1{@R}23R-05L
20  49.17743876 -000.45666649 231.5100 0 3 {@R}31-13{@L}C1{@@}C1{safety}
20  49.17703366 -000.45579522 200.9900 0 3 {@L}C1{@R}31-13{@@,safety,@L}C1
20  49.17563039 -000.45179738 122.3100 0 3 {@L}G2{@R}05L
20  49.17494060 -000.45131869 296.6400 0 3 {@L}G3{@R}05L
20  49.17445700 -000.44926864 110.0900 0 3 {@L}G3{@R}23-05
20  49.17294867 -000.45128692 37.5000 0 3 {@L}05{@R}13-31
20  49.17246275 -000.45070933 59.6700 0 3 {@R}13-31{@L}05
20  49.17399196 -000.44924129 243.0500 0 3 {@R}31-13{@L}23
20  49.17362428 -000.44847086 225.5600 0 3 {@L}23{@R}31-13
20  49.18016679 -000.46255875 224.4300 0 3 {@R}31-13{@L}A1{@@}A1{safety}
20  49.17989004 -000.46196253 195.7400 0 3 {@L}A1{@R}31-13{@@,safety,@L}A1
20  49.17855757 -000.46427153 100.0000 0 3 {@R}13-31{@L}B1{@@}B1{safety}
20  49.17899833 -000.46433719 64.8800 0 3 {@L}B1{@R}13-31{@@,safety,@L}B1
20  49.17855695 -000.46215759 293.3700 0 3 {@Y,^l}B1
20  49.17913913 -000.46152457 317.0400 0 3 {@Y}A1{^r}
20  49.17728373 -000.45753933 107.9700 0 3 {@Y,^l}C1
20  49.17645019 -000.45574026 315.0000 0 3 {@Y}C1{^r}
14  49.18223288 -000.45746418  49.21 0 Tower Viewpoint
1300  49.18138982 -000.45551489 125.39 tie_down turboprops|props|helos ACB_1
1301 A general_aviation 
1300  49.18124746 -000.45566357 125.39 tie_down turboprops|props|helos ACB_2
1301 A general_aviation 
1300  49.18127484 -000.45519031 305.39 tie_down turboprops|props|helos ACB_3
1301 A general_aviation 
1300  49.18113248 -000.45533899 305.39 tie_down turboprops|props|helos ACB_4
1301 A general_aviation 
1300  49.17982099 -000.45279318 128.11 tie_down jets|turboprops|props|helos ACB_5
1301 A general_aviation 
1300  49.17892389 -000.47335564 266.82 tie_down props ACB_6
1301 A general_aviation 
1300  49.17827812 -000.47318964 170.29 tie_down props ACB_7
1301 A general_aviation 
1300  49.17809830 -000.47316904 354.38 tie_down props ACB_8
1301 A general_aviation 
1300  49.18282958 -000.46035175 185.10 tie_down jets|turboprops|props|helos Stand_1
1301 C airline voe hop aee bee fpo
1300  49.18265942 -000.45976423 184.93 tie_down jets|turboprops|props|helos Stand_2
1301 B airline voe hop aee bee fpo
1300  49.18242408 -000.45925427 185.24 tie_down jets|turboprops|props|helos Stand_3
1301 B airline voe hop aee bee fpo
1300  49.18223975 -000.45868581 125.02 tie_down jets|turboprops|props|helos Stand_4A
1301 A general_aviation 
1300  49.18239366 -000.45848314 125.02 tie_down jets|turboprops|props|helos Stand_4B
1301 A general_aviation 
1300  49.18195758 -000.45812974 -54.57 tie_down jets|turboprops|props|helos Stand_5A
1301 A general_aviation 
1300  49.18205956 -000.45801627 -54.57 hangar jets|turboprops|props|helos Stand_5B
1301 A none 
1300  49.18216257 -000.45790559 -54.57 tie_down jets|turboprops|props|helos Stand_5C
1301 A general_aviation 
1300  49.18175917 -000.45770605 126.41 tie_down jets|turboprops|props|helos Stand_6A
1301 A general_aviation 
1300  49.18186164 -000.45759287 126.41 hangar jets|turboprops|props|helos Stand_6B
1301 A none 
1300  49.18196342 -000.45748134 126.41 tie_down jets|turboprops|props|helos Stand_6C
1301 A general_aviation 
1300  49.18152126 -000.45736491 -109.30 hangar jets|turboprops|props|helos Stand_7
1301 C none 
1300  49.18153334 -000.45731315 305.02 tie_down jets|turboprops|props|helos Stand_8A
1301 B airline voe hop aee bee fpo
1300  49.18172488 -000.45710138 305.02 tie_down jets|turboprops|props|helos Stand_8B
1301 B airline voe hop aee bee fpo
19  49.18089756 -000.45730426 1 Windsock
54 13452 CAEN TWR
55 12035 DEAUVILLE APP
1000 265-345
1001 LFRK 000 360 5
1001 LFRK 265 345 999
1002 LFRK 0
1003 LFRK 0.0
1101 31 left
1100 31R 12035 arrivals|departures props|helos 000000 000000 Arr,Dep Rwy 31R
1100 31 12035 arrivals|departures jets|turboprops|props|helos 305100 051111 Arr,Dep Rwy 31
1100 31 12035 arrivals|departures jets|turboprops|props|helos 100305 080180 Arr,Dep Rwy 31
1000 345-015
1001 LFRK 345 015 999
1002 LFRK 0
1003 LFRK 0.0
1101 31 left
1100 31 12035 arrivals|departures jets|turboprops|props|helos 305100 051111 Arr,Dep Rwy 31
1100 31 12035 arrivals|departures jets|turboprops|props|helos 100305 080180 Arr,Dep Rwy 31
1000 015-045
1001 LFRK 015 045 999
1002 LFRK 0
1003 LFRK 0.0
1101 31 left
1100 05L 12035 arrivals|departures props|helos 000000 000000 Arr,Dep Rwy 05L
1100 05 12035 arrivals|departures turboprops|props|helos 000000 000000 Arr,Dep Rwy 05
1100 31 12035 arrivals|departures jets|turboprops|props|helos 305100 051111 Arr,Dep Rwy 31
1100 31 12035 arrivals|departures jets|turboprops|props|helos 100305 080180 Arr,Dep Rwy 31
1000 045-085
1001 LFRK 045 085 999
1002 LFRK 0
1003 LFRK 0.0
1101 13 right
1100 05L 12035 arrivals|departures props|helos 000000 000000 Arr,Dep Rwy 05L
1100 13L 12035 arrivals|departures props|helos 000000 000000 Arr,Dep Rwy 13L
1100 05 12035 arrivals|departures turboprops|props|helos 000000 000000 Arr,Dep Rwy 05
1100 13 12035 arrivals|departures jets|turboprops|props|helos 000360 125125 Arr,Dep Rwy 13
1000 085-195
1001 LFRK 085 195 999
1002 LFRK 0
1003 LFRK 0.0
1101 13 right
1100 13L 12035 arrivals|departures props|helos 000000 000000 Arr,Dep Rwy 13L
1100 13 12035 arrivals|departures jets|turboprops|props|helos 000360 125125 Arr,Dep Rwy 13
1000 195-205
1001 LFRK 195 205 999
1002 LFRK 0
1003 LFRK 0.0
1101 13 right
1100 23R 12035 arrivals|departures props|helos 000000 000000 Arr,Dep Rwy 23R
1100 23 12035 arrivals|departures turboprops|props|helos 000000 000000 Arr,Dep Rwy 23
1100 13 12035 arrivals|departures jets|turboprops|props|helos 000360 125125 Arr,Dep Rwy 13
1000 205-265
1001 LFRK 205 265 999
1002 LFRK 0
1003 LFRK 0.0
1101 31 left
1100 23R 12035 arrivals|departures props|helos 000000 000000 Arr,Dep Rwy 23R
1100 23 12035 arrivals|departures turboprops|props|helos 000000 000000 Arr,Dep Rwy 23
1100 31 12035 arrivals|departures jets|turboprops|props|helos 305100 051111 Arr,Dep Rwy 31
1100 31 12035 arrivals|departures jets|turboprops|props|helos 100305 080180 Arr,Dep Rwy 31
1200 
1201  49.18282958 -000.46035175 both 0 Stand_1
1201  49.18265942 -000.45976423 both 1 Stand_2
1201  49.18242408 -000.45925427 both 2 Stand_3
1201  49.18223975 -000.45868581 both 3 Stand_4A
1201  49.18239366 -000.45848314 both 4 Stand_4B
1201  49.18195758 -000.45812974 both 5 Stand_5A
1201  49.18205956 -000.45801627 both 6 Stand_5B
1201  49.18216257 -000.45790559 both 7 Stand_5C
1201  49.18175917 -000.45770605 both 8 Stand_6A
1201  49.18186164 -000.45759287 both 9 Stand_6B
1201  49.18196342 -000.45748134 both 10 Stand_6C
1201  49.18153334 -000.45731315 both 11 Stand_8A
1201  49.18172488 -000.45710138 both 12 Stand_8B
1201  49.18112619 -000.45742376 both 13 _start
1201  49.17871409 -000.46596997 both 14 _stop
1201  49.17879654 -000.46589505 both 15 _stop
1201  49.18018509 -000.46596983 both 16 _stop
1201  49.18088215 -000.46732379 both 17 _stop
1201  49.18152746 -000.46667011 both 18 _stop
1201  49.18150988 -000.46591311 both 19 _stop
1201  49.18200897 -000.46597092 both 20 _stop
1201  49.18217599 -000.46593686 both 21 _stop
1201  49.18239480 -000.46576956 both 22 _stop
1201  49.18254273 -000.46547259 both 23 _stop
1201  49.18262649 -000.46508036 both 24 _stop
1201  49.18267534 -000.46099661 both 25 _stop
1201  49.18334780 -000.46021659 both 26 _stop
1201  49.18335524 -000.46013529 both 27 _stop
1201  49.18168196 -000.45654216 both 28 _stop
1201  49.17884438 -000.47341332 both 29 _stop
1201  49.17865973 -000.47334659 both 30 _stop
1201  49.17849253 -000.47316199 both 31 _stop
1201  49.17834569 -000.47285507 both 32 _stop
1201  49.17821063 -000.47312710 both 33 _stop
1201  49.17877434 -000.46433314 both 34 B1_stop
1201  49.17866341 -000.46606162 both 35 unnamed entity(split)
1201  49.17825387 -000.47245198 both 36 unnamed entity(split)
1201  49.17881382 -000.46370891 both 37 B1_stop
1201  49.17884901 -000.46358141 both 38 B1_stop
1201  49.17889746 -000.46348239 both 39 B1_stop
1201  49.18133972 -000.45530672 both 40 _start
1201  49.18254066 -000.45879329 both 41 _stop
1201  49.18221771 -000.45802994 both 42 _start
1201  49.18234065 -000.45830135 both 43 _start
1201  49.18206231 -000.45769195 both 44 _stop
1201  49.18183975 -000.45735432 both 45 _start
1201  49.18156133 -000.45675266 both 46 _stop
1201  49.17914699 -000.45166426 both 47 _stop
1201  49.18150638 -000.45673286 both 48 _stop
1201  49.18101125 -000.45566554 both 49 unnamed entity(split)
1201  49.18007361 -000.45365096 both 50 unnamed entity(split)
1201  49.18112338 -000.45715006 both 51 _stop
1201  49.18134326 -000.45690984 both 52 unnamed entity(split)
1201  49.18298591 -000.45972250 both 53 _stop
1201  49.18327866 -000.46029089 both 54 _stop
1201  49.18281731 -000.46078679 both 55 _stop
1201  49.18279850 -000.45919866 both 56 _stop
1201  49.18245742 -000.45957032 both 57 _stop
1201  49.18213069 -000.45998619 both 58 A1_stop
1201  49.18232793 -000.45973337 both 59 unnamed entity(split)
1201  49.18210602 -000.45926078 both 60 unnamed entity(split)
1201  49.18237178 -000.45897358 both 61 unnamed entity(split)
1201  49.18188502 -000.45878659 both 62 unnamed entity(split)
1201  49.18176154 -000.45852050 both 63 unnamed entity(split)
1201  49.18160537 -000.45818499 both 64 unnamed entity(split)
1201  49.18185796 -000.45791301 both 65 unnamed entity(split)
1201  49.18196010 -000.45780263 both 66 unnamed entity(split)
1201  49.18142750 -000.45780346 both 67 unnamed entity(split)
1201  49.18117031 -000.45725462 both 68 unnamed entity(split)
1201  49.18254556 -000.46019906 both 69 unnamed entity(split)
1201  49.17855805 -000.44514780 both 70 05L/23R_stop
1201  49.17495378 -000.45219538 both 71 05L/23R_start
1201  49.17528575 -000.45154626 both 72 unnamed entity(split)
1201  49.17507887 -000.45110333 both 73 unnamed entity(split)
1201  49.17431427 -000.44945137 both 74 unnamed entity(split)
1201  49.17585310 -000.45043390 both 75 unnamed entity(split)
1201  49.17743151 -000.44176799 both 76 05/23_stop
1201  49.17087439 -000.45457961 both 77 05/23_start
1201  49.17270760 -000.45100642 both 78 unnamed entity(split)
1201  49.17608848 -000.44997667 both 79 13L/31R_stop
1201  49.17632539 -000.44951352 both 80 unnamed entity(split)
1201  49.17643019 -000.44930850 both 81 unnamed entity(split)
1201  49.18010669 -000.45863738 both 82 13L/31R_start
1201  49.17855138 -000.45528512 both 83 unnamed entity(split)
1201  49.17630801 -000.45045086 both 84 unnamed entity(split)
1201  49.17108347 -000.44513300 both 85 13/31_stop
1201  49.17936308 -000.46298079 both 86 13/31_start
1201  49.17656959 -000.45695907 both 87 unnamed entity(split)
1201  49.18003676 -000.46225644 both 88 unnamed entity(split)
1201  49.18018421 -000.46209889 both 89 unnamed entity(split)
1201  49.17738970 -000.45606804 both 90 unnamed entity(split)
1201  49.17721031 -000.45626595 both 91 unnamed entity(split)
1201  49.17551358 -000.45203391 both 92 unnamed entity(split)
1201  49.18164466 -000.46051324 both 93 unnamed entity(split)
1201  49.18055155 -000.45816089 both 94 unnamed entity(split)
1201  49.17898763 -000.45480128 both 95 unnamed entity(split)
1201  49.17663903 -000.44975600 both 96 unnamed entity(split)
1201  49.17488100 -000.45332702 both 97 unnamed entity(split)
1201  49.17441370 -000.45232018 both 98 unnamed entity(split)
1201  49.17344246 -000.45021865 both 99 unnamed entity(split)
1201  49.17328280 -000.44987395 both 100 unnamed entity(split)
1201  49.17379419 -000.44887367 both 101 unnamed entity(split)
1201  49.17392694 -000.44861539 both 102 unnamed entity(split)
1201  49.17311586 -000.44951414 both 103 unnamed entity(split)
1202 90 91 twoway taxiway_A C1
1202 91 87 twoway taxiway_A C1
1204 departure 13,31
1204 arrival 13,31
1202 72 73 twoway taxiway_A G3
1204 departure 05L,23R
1204 arrival 05L,23R
1202 73 74 twoway taxiway_A G3
1202 74 102 twoway taxiway_A G3
1204 departure 05,23
1204 arrival 05,23
1202 89 90 twoway taxiway_A G2
1202 90 92 twoway taxiway_A G2
1202 92 72 twoway taxiway_A G2
1204 departure 05L,23R
1204 arrival 05L,23R
1202 50 95 twoway taxiway_A G4
1202 95 83 twoway taxiway_A G4
1204 departure 13L,31R
1204 arrival 13L,31R
1202 94 82 twoway taxiway_A G1
1204 departure 13L,31R
1204 arrival 13L,31R
1202 93 94 twoway taxiway_A G1
1202 94 95 twoway taxiway_A G1
1202 95 96 twoway taxiway_A G1
1202 96 81 twoway taxiway_A G1
1204 departure 05L,23R
1204 arrival 05L,23R
1202 30 29 twoway taxiway_A 
1202 31 30 twoway taxiway_A 
1202 32 31 twoway taxiway_A 
1202 36 32 twoway taxiway_A 
1202 34 35 twoway taxiway_A 
1202 35 36 twoway taxiway_A 
1202 36 33 twoway taxiway_A 
1202 37 34 twoway taxiway_A B1
1204 departure 13,31
1204 arrival 13,31
1202 38 37 twoway taxiway_A B1
1204 departure 13,31
1204 arrival 13,31
1202 39 38 twoway taxiway_A B1
1204 departure 13,31
1204 arrival 13,31
1202 86 39 twoway taxiway_A B1
1204 departure 13,31
1204 arrival 13,31
1202 40 49 twoway taxiway_A 
1202 65 8 oneway taxiway_A 
1202 66 9 oneway taxiway_A 
1202 44 10 oneway taxiway_A 
1202 43 42 twoway taxiway_A 
1202 65 5 oneway taxiway_A 
1202 66 6 oneway taxiway_A 
1202 61 3 oneway taxiway_A 
1202 41 4 oneway taxiway_A 
1202 60 61 oneway taxiway_A 
1202 61 41 oneway taxiway_A 
1202 42 63 oneway taxiway_A 
1202 43 62 oneway taxiway_A 
1202 44 7 oneway taxiway_A 
1202 64 65 oneway taxiway_A 
1202 65 66 oneway taxiway_A 
1202 66 44 oneway taxiway_A 
1202 52 11 oneway taxiway_B 
1202 45 67 oneway taxiway_B 
1202 46 12 oneway taxiway_B 
1202 48 46 oneway taxiway_B 
1202 48 49 twoway taxiway_A 
1202 49 50 twoway taxiway_A 
1202 50 47 twoway taxiway_A 
1202 51 52 twoway taxiway_B 
1202 52 48 twoway taxiway_B 
1202 59 60 twoway taxiway_B 
1202 60 62 twoway taxiway_B 
1202 62 63 twoway taxiway_B 
1202 63 64 twoway taxiway_B 
1202 64 67 twoway taxiway_B 
1202 67 68 twoway taxiway_B 
1202 68 51 twoway taxiway_B 
1202 53 1 oneway taxiway_B 
1202 69 53 oneway taxiway_B 
1202 54 0 oneway taxiway_C 
1202 55 54 oneway taxiway_C 
1202 59 69 twoway taxiway_C 
1202 69 55 twoway taxiway_C 
1202 56 2 oneway taxiway_B 
1202 57 56 oneway taxiway_B 
1202 58 59 twoway taxiway_C 
1202 59 57 oneway taxiway_B 
1202 86 88 twoway taxiway_C A1
1204 departure 13,31
1204 arrival 13,31
1202 88 89 twoway taxiway_C A1
1202 89 93 twoway taxiway_C A1
1202 93 58 twoway taxiway_C A1
1202 79 80 twoway runway 05L/23R
1204 departure 05L,13L,23R,31R
1204 arrival 05L,13L,23R,31R
1204 ils 05L,23R
1202 80 81 twoway runway 05L/23R
1204 departure 05L,23R
1204 arrival 05L,23R
1204 ils 05L,23R
1202 81 70 twoway runway 05L/23R
1204 departure 05L,23R
1204 arrival 05L,23R
1204 ils 05L,23R
1202 71 72 twoway runway 05L/23R
1204 departure 05L,23R
1204 arrival 05L,23R
1204 ils 05L,23R
1202 72 75 twoway runway 05L/23R
1204 departure 05L,23R
1204 arrival 05L,23R
1204 ils 05L,23R
1202 75 79 twoway runway 05L/23R
1204 departure 05L,13L,23R,31R
1204 arrival 05L,13L,23R,31R
1204 ils 05L,23R
1202 77 78 twoway runway 05/23
1204 departure 05,23
1204 arrival 05,23
1204 ils 05,23
1202 78 100 twoway runway 05/23
1204 departure 05,13,23,31
1204 arrival 05,13,23,31
1204 ils 05,23
1202 100 101 twoway runway 05/23
1204 departure 05,13,23,31
1204 arrival 05,13,23,31
1204 ils 05,23
1202 101 102 twoway runway 05/23
1204 departure 05,23
1204 arrival 05,23
1204 ils 05,23
1202 102 76 twoway runway 05/23
1204 departure 05,23
1204 arrival 05,23
1204 ils 05,23
1202 82 83 twoway runway 13L/31R
1204 departure 13L,31R
1204 arrival 13L,31R
1204 ils 13L,31R
1202 83 84 twoway runway 13L/31R
1204 departure 13L,31R
1204 arrival 13L,31R
1204 ils 13L,31R
1202 84 79 twoway runway 13L/31R
1204 departure 05L,13L,23R,31R
1204 arrival 05L,13L,23R,31R
1204 ils 13L,31R
1202 86 87 twoway runway 13/31
1204 departure 13,31
1204 arrival 13,31
1204 ils 13,31
1202 87 97 twoway runway 13/31
1204 departure 13,31
1204 arrival 13,31
1204 ils 13,31
1202 97 98 twoway runway 13/31
1204 departure 13,23R,31
1204 arrival 05L,13,31
1204 ils 13,31
1202 98 99 twoway runway 13/31
1204 departure 13,31
1204 arrival 13,31
1204 ils 13,31
1202 99 100 twoway runway 13/31
1204 departure 05,13,23,31
1204 arrival 05,13,23,31
1204 ils 13,31
1202 100 103 twoway runway 13/31
1204 departure 05,13,23,31
1204 arrival 05,13,23,31
1204 ils 13,31
1202 103 85 twoway runway 13/31
1204 departure 13,31
1204 arrival 13,31
1204 ils 13,31
1206 51 52 twoway  
1206 52 48 twoway  
1206 68 51 twoway  
1206 13 68 twoway  
1206 30 29 twoway  
1206 31 30 twoway  
1206 32 31 twoway  
1206 36 32 twoway  
1206 35 36 twoway  
1206 14 35 twoway  
1206 15 14 twoway  
1206 16 15 twoway  
1206 17 16 twoway  
1206 19 18 twoway  
1206 20 19 twoway  
1206 21 20 twoway  
1206 22 21 twoway  
1206 23 22 twoway  
1206 24 23 twoway  
1206 25 24 twoway  
1206 55 25 twoway  
1206 26 54 twoway  
1206 54 55 twoway  
1206 27 26 twoway  
1206 28 27 twoway  
1206 48 28 twoway  
1206 49 48 twoway  
1206 50 49 twoway  
1206 47 50 twoway  
1400  49.18161152 -0.45643194 -56.31 gpu 0 GPU
1400  49.18163294 -0.45638427 -56.95 pushback 0 Push
1400  49.18157841 -0.45650867  305.54 baggage_train 2 Train
1400  49.18157354 -0.45642152  303.52 baggage_loader 0 Belt
1400  49.18236516 -0.45776287  214.99 crew_car 0 Car
1400  49.18105683 -0.45761851  123.00 fuel_props 0 Fuel
1400  49.18101897 -0.45743316  94.01 fuel_props 0 Fuel
99
